4 118 0.02950
2 1288 0.32200
1 1151 0.28775
3 791 0.19775
14 36 0.00900
7 72 0.01800
5 85 0.02125
18 16 0.00400
11 37 0.00925
10 52 0.01300
12 44 0.01100
6 66 0.01650
9 46 0.01150
13 33 0.00825
8 58 0.01450
15 20 0.00500
20 12 0.00300
19 10 0.00250
16 20 0.00500
29 1 0.00025
23 6 0.00150
26 3 0.00075
17 23 0.00575
22 3 0.00075
30 1 0.00025
25 3 0.00075
21 4 0.00100
24 1 0.00025
4 118 0.02950
2 1288 0.32200
1 1151 0.28775
3 791 0.19775
14 36 0.00900
7 72 0.01800
5 85 0.02125
18 16 0.00400
11 37 0.00925
10 52 0.01300
12 44 0.01100
6 66 0.01650
9 46 0.01150
13 33 0.00825
8 58 0.01450
15 20 0.00500
20 12 0.00300
19 10 0.00250
16 20 0.00500
29 1 0.00025
23 6 0.00150
26 3 0.00075
17 23 0.00575
22 3 0.00075
30 1 0.00025
25 3 0.00075
21 4 0.00100
24 1 0.00025
