934
10451
26366
6512
9396
11775
5292
13220
13504
15440
2329
174
18944
7584
4342
9781
7119
492
8733
5544
12570
6960
2241
9023
532
687
1194
6825
6603
17260
12167
11543
962
10079
17805
584
19944
8116
8127
6281
9213
8128
20354
509
4898
7301
5433
7195
635
10262
4203
12307
13878
1077
11440
5967
2329
18941
482
17249
8444
13666
1066
10095
10501
23554
20786
3257
8048
17513
10702
7048
735
7797
10124
3805
3374
532
470
13943
4222
3662
13868
9627
606
22765
5158
22390
13132
18002
5798
15566
12250
14596
16147
10853
18788
11102
7378
896
623
20641
10460
4248
702
1057
5175
6687
12442
405
12428
11306
15118
11378
7711
9442
1837
7587
8019
22969
12988
6139
10325
21797
10302
4645
11777
8526
14809
8791
7654
9936
6878
698
20002
10199
16628
938
23741
4831
5273
13247
4813
19966
21365
26470
1375
10117
588
13507
6758
6496
21661
9583
11793
9038
12728
12177
609
1134
11994
1383
18254
806
269
19362
1135
10293
6906
6432
1146
3035
6257
13004
5224
10459
8510
1168
731
229
20923
11452
230
1601
6655
17848
12800
19119
6411
7709
603
16529
10938
11943
8091
12949
20901
3011
9974
9469
258
19664
9281
5270
716
15202
14977
10380
8443
18453
6326
835
24481
1924
9673
6498
6511
8988
334
2837
11277
347
511
5180
198
2465
4534
5958
11010
9380
5108
13813
762
491
6793
915
11274
626
21558
1768
581
8090
16926
8580
10789
12996
6635
10282
514
16933
517
16046
7977
20531
5335
631
14046
11771
12081
5682
12910
3568
11219
8305
363
16546
20382
8904
22604
7462
8544
9762
3507
7297
16390
4825
833
10674
9196
14017
17791
1608
11556
9040
7109
4242
11665
12654
1205
390
11573
21116
6656
10549
21020
1105
7707
426
11485
4622
10357
8264
7763
9250
7006
10604
5248
15423
1955
11116
12052
6386
12975
19320
1144
21845
1995
10056
20200
15857
19982
11085
19353
9234
990
9985
13253
15916
4215
10787
8802
12370
11913
1872
12068
10179
7208
839
5147
4634
12416
668
952
12467
5119
5407
8791
380
577
16798
6149
1556
551
4584
816
8060
465
21677
6864
428
19919
14725
10251
6233
11316
13480
15751
6932
6975
13265
3380
11276
560
17112
9218
2558
19579
1340
6387
19845
428
9959
324
8536
9041
4600
10925
11449
9115
439
158
4448
521
4172
3159
4666
6651
17125
1062
13292
5729
8760
6906
11555
8373
11338
3945
7171
6982
891
18683
12880
2805
9101
17881
4465
8225
14295
12591
7546
688
688
439
1130
11342
4608
5644
10358
3966
12698
2636
8026
8354
8246
6100
17580
9312
13757
311
13361
6609
7157
10403
7426
20432
5025
10875
6547
12854
5861
644
3657
855
20586
11534
10188
8138
10137
122
6263
2525
19094
9824
728
3787
15690
8842
4039
7319
10216
3006
15552
20043
9944
19671
10993
740
15998
12944
10883
9469
11487
19826
14181
387
12441
10327
14764
6761
790
864
1098
11193
11301
22250
7647
13368
586
2221
12886
4757
3347
10346
9643
1824
958
1230
13716
8978
501
11873
11214
3051
6263
12942
3978
2763
19774
682
1706
8997
10316
18437
22069
1534
10049
17981
1609
549
12051
16518
15691
179
11843
20220
13461
18187
2627
10220
1877
1339
4563
5889
13920
2130
11137
3035
10933
1268
11313
7868
9680
8788
10582
871
1144
21089
9943
8706
784
19582
9741
13742
19164
10064
608
7497
11284
24103
11190
833
9812
3819
13417
9671
12490
3661
1074
11303
9904
21536
1095
231
13954
732
12758
9108
12504
8058
527
8832
11171
14953
11327
2511
710
6627
900
18775
4620
9012
21782
15200
2944
185
11938
152
16414
22259
819
1152
13305
9185
5132
5223
9237
3081
11181
8337
2373
10091
13267
4865
517
2826
6535
20327
10115
8721
1355
4040
8704
1512
21966
7311
357
12920
5328
9465
7211
8385
12384
6238
10648
9048
10561
441
762
10171
7061
11942
14906
1224
6905
404
4192
9109
12509
10972
10248
6784
12700
7855
2490
19020
11428
10453
5052
22801
12794
22871
762
15437
1317
1099
9736
188
9573
3141
1087
1247
8303
8134
8998
8872
7204
469
13433
10042
11074
7732
4632
398
25382
9766
6986
714
3144
5743
22852
10773
12493
266
9397
9941
425
10278
7562
1331
201
6280
17909
23649
12229
908
19885
9229
329
3544
1159
8831
12004
627
13032
1498
1121
556
13503
13807
6932
11271
2348
448
21568
7891
7273
10168
2585
10556
9636
7428
2197
12339
1052
7238
9844
9143
853
642
740
3069
741
25105
4315
14558
17465
838
443
12322
3221
16276
5980
3688
4824
920
793
7252
14700
7482
22520
16206
9985
12076
4782
8242
1824
6389
18592
9864
22690
23445
24295
514
5838
15539
8624
21543
10846
8199
18049
22006
9712
15506
7807
11836
10560
5853
3911
18756
10574
23239
2698
1335
9767
8656
23970
903
10481
6575
3799
8814
511
9745
13912
9273
15322
14657
8522
9529
6731
14366
26041
6156
8103
16231
17892
4139
8681
6625
10009
9853
5702
11018
11502
20329
592
12092
9524
13309
19610
10974
19913
5551
236
937
1262
8734
15746
7703
11042
5384
12062
12465
710
8744
8726
8558
1302
13803
557
9775
11277
8462
21800
19085
9422
14727
18975
1405
10195
676
18828
15705
22262
4792
9387
714
708
2105
10113
9345
122
2050
2
4772
1259
9842
9946
8121
8011
10123
1120
12089
13104
2055
4620
2104
22050
9899
12332
10806
4826
6524
341
9947
6208
829
5432
12399
20728
4068
17085
2488
618
7818
8884
9820
15762
8349
1374
810
427
26050
463
18869
8182
10695
16799
9121
1261
11294
5148
291
2279
6676
7963
849
6690
8275
130
12599
974
7681
22657
22387
295
21757
17659
19721
14564
8202
19609
18540
6560
22444
435
720
12765
19826
20801
2825
17377
13625
21062
6080
10242
20376
13812
15189
10808
14013
10941
22748
8335
569
11819
11366
14079
384
8930
10741
5444
4608
11592
637
10099
20215
539
10002
339
15988
20479
4053
13391
14209
9693
17551
4347
599
11261
6092
6391
369
3259
12650
17432
9231
987
19103
19769
6345
5430
9291
1940
21688
574
16005
17255
23930
935
8158
15067
468
7232
11883
1905
2064
428
12735
184
17792
20540
138
7413
6319
8950
4278
823
14275
23061
9508
12625
377
11104
3997
11511
7870
10095
19926
1001
2960
1806
730
11167
382
15285
14225
10500
19267
9871
800
524
1939
4483
6483
4051
6474
731
540
12007
15045
245
9902
5384
24309
519
3941
493
14756
20433
9864
16204
7468
10212
763
7142
20274
16179
10075
710
1839
623
6670
12983
7418
6546
8409
12494
18959
592
11821
9471
6726
12994
13376
19146
12679
4354
3928
929
1150
16946
11576
7441
542
481
1258
7333
24914
6298
750
7783
584
10657
1279
20850
6875
3255
23491
6683
18085
888
8878
9274
7102
10502
1017
9104
11035
1064
6118
3929
24753
7756
18993
6213
10224
7892
6315
23813
8194
21057
8429
378
9209
9579
197
529
909
10895
20137
22116
20042
10059
18119
11878
7044
9947
7385
2715
7107
9309
2049
21284
11142
1149
7792
13878
1515
10674
23159
10093
7999
7872
18071
10983
7270
13029
658
17864
20592
621
500
12257
4815
20916
3514
9253
8058
492
20235
14908
492
22256
424
17654
5937
7675
2569
843
7400
2133
2996
775
9232
19431
21483
11661
8905
4653
3947
643
602
11590
11514
13375
2783
15216
18788
4951
6472
2251
311
1203
20982
9843
14132
18665
22743
4204
14780
14318
1014
2209
682
21189
13192
311
462
17407
19844
973
12683
753
521
800
705
409
966
21899
1394
6556
2711
5881
17745
9870
16867
1044
5593
17726
16928
893
10925
4660
11039
7550
22923
874
2125
19514
950
12274
681
16424
389
14671
5418
9966
6069
9153
10319
17260
703
18503
6631
419
7546
331
1012
1783
5714
10583
11862
1446
7320
14030
359
6883
8137
4704
20390
8213
328
10408
506
6563
4454
10150
5169
20581
10444
6147
8386
11500
22563
548
23177
708
10400
12634
12503
9975
15621
19132
26335
2791
4700
94
984
17865
5014
6539
1218
1637
613
5708
21679
19225
4511
8173
1118
15860
10837
7370
22065
2540
674
828
17850
10924
930
17261
19024
22897
7022
306
11181
1616
1003
10695
13153
13129
17111
668
8063
2864
14461
22640
2405
9664
2416
7489
10645
7775
20295
14459
11176
11939
8870
17038
10946
4951
7395
12437
6520
8465
667
10023
16689
9471
8639
15835
725
8425
405
1555
9955
11774
21425
5227
3897
7299
13168
8142
10436
18326
17400
683
13681
12529
7461
625
8777
19877
8794
11836
9102
21211
928
9955
13591
17375
3914
450
10162
11672
114
6367
19504
12919
584
11834
13556
597
3068
8826
11736
5487
11460
14109
11931
7332
18805
456
18366
4396
723
19789
7710
665
11089
8972
137
611
120
11004
20164
10677
685
632
7037
9748
5119
89
697
11973
6361
9288
9031
6911
19663
15366
6779
2148
14892
11565
17936
6777
22175
20696
7948
9011
11212
8343
7892
6045
248
9272
2445
7314
17654
17354
10669
6687
12021
18575
12102
11965
7184
4623
20027
17200
13966
4853
24092
1495
16889
17112
18524
17798
9193
11286
10673
1599
10019
12745
2860
614
13022
1325
5648
7680
10666
868
2608
19946
3808
1030
5625
9929
21529
20472
6858
6701
17937
21021
10844
12237
832
8508
6634
10766
767
15577
14361
2638
23382
6066
1039
5366
13152
10474
21956
19253
9723
4317
7303
20123
19069
20243
13259
9397
3955
3346
19854
1364
11603
24990
11308
11602
6259
7660
1110
10389
9440
6596
10119
6067
5492
19060
10248
9484
11916
10534
4151
4928
1618
21980
13529
20981
10370
6848
4975
5385
12457
7813
415
10782
549
9420
1582
20257
1946
14553
443
4707
9818
11056
658
16647
14784
5389
7821
701
303
4119
12037
5812
12477
8560
3593
1741
7468
9858
8646
18919
21830
8024
23693
22348
22130
12596
5149
12171
11478
12334
12544
20244
9738
18014
394
10283
18081
6039
7840
10066
7591
1183
20991
692
6428
6290
6190
8566
818
2673
7388
12193
9910
16228
7576
963
4231
534
538
19065
5722
12406
20450
4734
21411
1341
441
2055
13879
11521
9139
1667
7703
4536
771
10973
8265
22149
10347
13197
11646
21866
9744
1184
7240
10999
19548
11795
10357
411
8749
9141
11121
6145
21557
1049
17441
9783
14696
13655
7240
819
22130
19485
662
10330
7959
12529
402
8955
9296
8259
659
595
13374
16073
16577
488
428
1103
15493
579
16814
15001
10268
1616
22947
9911
3379
11474
11143
807
6694
1062
7055
6863
17216
1144
804
13471
8036
6639
5240
22872
5146
713
4603
10416
13943
13207
16056
832
20013
9409
10587
6216
404
11114
407
11436
19087
2664
2392
23266
19658
878
10370
8484
8694
9094
7803
9759
12428
8818
11187
6949
20441
229
10647
5926
2216
6700
10155
9541
11847
25200
894
1848
12279
14354
9073
545
12583
7627
10891
306
742
419
2963
18898
2658
6782
11801
8904
5059
9413
12003
12236
4585
9069
9687
11604
497
10228
94
11628
342
16579
21357
9066
12943
492
12102
11781
11871
7676
1251
20075
5767
6854
7881
728
22266
3399
19107
7260
8499
11507
6132
9804
4858
4508
20074
10602
19257
11674
611
22103
2749
7942
5571
829
8649
20952
289
13071
20867
14086
152
11600
12214
17035
7910
86
482
661
5674
2431
3922
26196
268
6225
2463
12593
11073
9841
5860
7993
5999
517
10700
698
203
22615
11595
1339
674
20083
13412
24140
243
365
13200
11959
5130
3226
4591
279
12023
7286
10283
22447
5838
655
5389
4290
4028
8187
11510
635
115
9249
9718
9872
11075
14311
8638
7079
7889
20946
17770
12542
7829
756
7415
15030
999
1338
666
751
645
781
20743
8460
734
1009
9100
18093
371
14825
4350
11459
7725
15496
2540
22248
4481
14140
10998
11117
1678
9473
26463
5160
11881
23067
26169
18227
4286
557
13855
6659
21902
11124
7630
1040
9651
13211
10364
6034
216
8491
9646
3723
8263
463
15932
13860
18381
10026
244
20315
3838
24211
11691
23941
329
11240
1071
639
6551
8547
9051
20741
18056
4453
6155
20878
9850
8859
13597
8465
21455
1983
13043
366
9638
19830
580
542
12321
669
7217
17609
5391
1464
640
19690
7327
11291
6949
5537
10044
5320
13945
2146
10958
5948
1092
4169
2190
7458
151
20313
9004
628
13144
4857
188
20750
11609
830
12225
20328
9101
8117
11980
16884
16252
18632
7843
920
17717
21477
424
9793
8309
4153
16467
972
424
9373
12391
12163
5340
12598
3962
18873
21216
381
15306
10265
567
5863
2648
1969
10059
11301
538
833
20847
9811
286
3463
5212
11771
18186
9029
14952
9207
6718
19589
10373
8195
313
7736
15227
10588
17043
1379
17087
6898
22537
13647
8631
2849
2004
6738
11173
7306
19775
8829
9824
920
504
12776
8669
9209
10367
9008
3606
9318
12732
10720
17045
466
6235
8387
5433
10072
8491
876
3715
2906
9860
242
22455
3065
8103
1284
21406
369
861
1029
10916
2670
1359
21427
11868
10326
23841
453
12237
4675
1330
3389
620
6583
5160
5999
10162
8601
13101
432
8919
18942
18925
10174
2661
19328
7335
3754
3393
7245
11902
704
7512
17549
15283
12297
6996
5318
20065
17017
20206
5427
11874
20146
12581
3421
2257
21459
21790
7980
16259
8876
3357
9299
703
202
6788
12438
8834
12228
522
721
11080
22264
11233
9899
10781
7035
182
10441
20766
5511
3338
7129
11239
17522
4985
19574
312
8547
566
700
3815
22613
7511
12689
11281
3720
747
17502
9057
17020
8129
8938
8835
3974
6822
2462
23789
70
5668
785
6189
8885
8108
8870
17750
11519
7222
13741
175
7374
7295
10765
22124
668
12232
6786
1144
8864
15027
5401
11789
5183
6128
873
17356
8864
833
9092
11932
199
2435
1379
7267
1056
25338
24518
15420
915
4613
744
1284
10439
919
9595
7922
6098
21120
7129
1138
10574
12190
2868
124
9258
22930
1037
7493
6208
12842
13137
2093
796
16120
490
8414
17112
692
1997
757
10477
5796
20132
9668
9752
610
1102
27094
10884
3853
1413
9257
15563
8912
19609
8479
8192
27136
9631
22088
8727
21785
783
9858
4033
130
10380
10874
7579
11483
1383
8448
21397
10398
4269
1505
3867
12425
10686
8415
13119
10184
6763
14191
6866
13223
727
4611
9586
9091
18920
1946
14058
5966
450
1478
23368
1557
947
10801
6653
12564
16928
9026
514
5236
18957
10872
8564
12255
23108
545
1179
10713
503
7870
794
759
9883
10916
6698
12483
7193
12575
1086
10828
4331
330
3652
9058
10833
8364
19775
9445
17234
4053
18734
1072
17708
3250
16003
10390
12501
18006
7990
5019
8967
7057
20004
19946
9364
649
7143
9040
11818
433
2034
8988
12824
6128
14547
3962
7660
3770
7547
509
26393
11653
17412
4749
8621
4225
22181
1304
11080
11312
9175
826
13265
10214
17277
4424
7102
2309
6537
8802
10161
7436
13358
1210
13032
3234
11909
13865
7870
8238
473
4117
6793
6042
9730
667
2035
10865
14398
11414
6419
3901
1688
2744
19900
756
935
21278
10581
23340
525
20209
13857
10342
11199
6060
12621
13878
23683
9905
6036
12026
7942
10677
12117
9504
21802
752
8769
15768
9486
10074
21174
13165
1696
569
4162
446
7654
14153
11122
10541
11362
10613
2525
16525
12551
3610
10135
494
390
13535
20573
12975
2955
12788
24708
9175
11494
1318
5381
10937
3608
9194
13477
11913
11909
9644
14027
7472
26
690
7922
6096
12669
4912
5106
11755
20433
6387
10515
7147
3384
3915
9689
7800
858
426
3387
3129
5569
11953
7083
549
3061
12960
8356
548
1222
5851
12252
7130
7853
10067
11268
757
13670
7287
6291
16417
619
369
12172
22950
12435
13448
6960
24041
11174
1209
16803
19163
7414
19958
9658
20541
11385
200
22578
5412
8098
4100
21348
18272
4194
785
17007
10199
23968
9831
3973
8236
11000
9810
10570
12181
6925
24713
19129
1988
11672
626
6752
21185
18844
5938
10959
3343
541
8956
14778
6679
7078
14131
11737
459
16754
10823
444
10047
6220
4121
1367
9906
196
3118
3958
17779
19709
19667
3175
720
10721
11174
20388
3083
4048
1338
12160
6027
11212
8057
6179
8663
11461
6172
5837
239
10687
1421
21814
12294
1543
10373
661
781
9931
918
593
9069
10385
11002
9792
10881
9573
7196
9135
2633
16082
3066
8760
9694
7363
978
12260
4062
6228
873
14321
6258
8847
17529
12931
4074
5034
7241
6800
9804
6439
15436
11804
12280
465
9210
10718
10555
495
7891
7456
4427
3016
9565
11449
686
786
7411
232
3445
21821
609
8793
1807
19378
2173
9126
11637
1012
11241
11387
13750
5930
14581
12130
11306
670
10057
12853
11393
10194
5594
1610
20849
20419
9529
4411
1325
7666
7168
5099
11079
6617
22950
12541
7464
9146
986
8577
3774
7235
294
5848
20777
1838
9095
6179
1309
12162
234
12661
21159
8387
751
11106
10965
7688
5433
16497
10864
9060
4028
3213
7159
12824
1051
20707
16136
5753
10440
2485
6313
5651
12007
3161
7835
19551
20183
26397
1646
8546
8058
719
7202
2279
9198
887
2273
9808
1008
21857
1464
610
12502
661
16764
19168
14340
15928
19968
7446
625
22256
411
15077
20786
406
10198
5700
8202
11612
12713
12766
12431
11319
5554
16027
6531
10097
16937
489
7509
1015
323
4458
7549
7419
20008
10733
9129
11145
18334
10714
11599
1358
433
10908
546
25369
9858
5971
9631
6838
5124
7092
11430
8980
22257
15530
942
658
21854
2116
4887
17950
9508
909
20415
4111
19054
11057
469
9701
20663
13069
10119
6388
10304
17245
280
11607
772
3146
4325
641
3561
8458
21390
8316
1405
525
11204
8839
8052
391
8461
5113
4178
24422
2923
112
11462
561
957
22834
11332
20819
9659
5394
13013
2222
22527
17171
975
4800
6754
584
426
13327
5373
1013
707
218
454
11665
21413
18845
17380
668
18790
11235
3589
20801
6261
3929
15986
8589
9589
20983
499
507
5450
661
8157
9366
5158
9544
8278
8776
10890
10149
10377
25195
7125
14154
10368
22129
11834
2683
6147
9507
3134
12394
24718
2426
11622
4680
7594
19589
1482
8578
10990
10314
8900
11024
18974
4248
11777
20551
10096
10145
311
22592
3679
3296
1475
20396
644
12995
19332
366
583
655
589
11139
1847
758
12700
19104
10916
6275
739
1140
12938
13231
13717
13163
5505
2229
5011
4322
15037
6878
392
12259
1161
564
13376
21786
7615
695
8506
8472
9707
9495
10270
19220
12192
13071
1711
20874
9885
759
1156
16346
110
1755
5527
12057
10702
3760
10562
8638
10675
12131
3677
11823
21370
12115
7526
18375
4184
4551
8811
8974
7800
10260
10378
15570
10437
14000
4688
21873
8694
327
1054
408
21507
8778
3252
273
516
449
21297
8980
12848
1140
8387
2825
12296
5939
10776
11652
6227
20038
9924
1235
6569
671
9909
7977
18524
6421
5900
15146
839
9382
10848
11542
11309
19173
9041
7649
22291
622
7943
8540
7492
10545
21937
5609
480
963
22645
4514
433
12864
9119
6193
1805
2841
10659
8150
465
5586
13114
687
5751
12471
10834
447
23399
14439
10580
23153
1579
901
1953
16666
6878
8955
678
24458
475
10314
12192
7751
906
7857
829
10042
729
6277
6232
13760
12107
8932
7370
20203
451
5922
3096
11054
5963
576
9508
572
425
11582
11083
8808
17717
19926
10636
17357
22712
21631
10706
9558
504
11025
5882
4989
12084
22999
1176
815
4047
17736
21549
9074
2719
5747
263
16539
14741
10401
17655
21072
10921
20614
12454
11036
11196
9762
2622
1502
10624
534
8724
6576
6611
8823
21594
14645
8707
17426
10280
14036
11601
559
15209
10499
10434
23978
13363
2294
6705
572
4586
8985
4647
815
770
898
23380
887
10017
10520
5677
8902
5891
5948
2223
754
10970
18590
853
1198
7984
7641
525
5816
8688
10414
6735
3900
21442
5514
4798
10208
566
11566
15291
6799
9081
9969
20541
14318
6085
21073
5096
1525
17583
13094
19167
1051
19942
8463
21016
9770
13048
8426
405
6784
4805
1161
11472
9436
2346
21531
7419
17741
701
7131
4846
2642
5082
12675
8177
637
12089
11694
13116
679
11250
3685
15420
10104
9659
18924
8671
22434
11779
11822
11851
208
7914
8662
9878
215
3728
10785
973
2413
1148
450
654
7909
6279
1113
9918
6880
21402
21192
3815
11293
6073
6158
22628
17383
23400
4885
10690
10664
10891
4877
8255
8381
20030
23551
3196
4874
8607
3196
17647
12486
826
1224
18755
6111
1217
8873
10800
772
9724
471
1425
18455
744
877
12401
12227
14191
17410
10624
5077
12311
766
7466
15091
8850
3178
9347
12788
10333
11021
6620
12913
21936
18951
474
10375
10932
12539
18636
21710
5526
8432
18909
7041
734
10545
8833
3717
2917
1040
8710
9147
5230
720
1062
7741
1678
9907
8005
20551
638
12946
6663
7748
10379
6527
6586
4670
7610
2461
1852
2303
20154
24862
9457
11091
610
4988
306
248
15468
365
8987
13599
8905
7935
11539
3196
8199
7997
18129
10873
22030
21053
3079
3841
343
992
10602
19390
10208
24097
10690
727
10783
11475
13732
2491
11107
8976
9560
19204
12110
10428
8471
3607
21472
5468
1266
323
14252
1272
4630
11348
14356
8393
875
9719
11493
18458
12073
23150
5793
715
1261
541
3641
283
7088
8694
684
3162
9067
19612
10668
8921
803
3504
429
9962
11485
16161
10851
2542
5306
23803
1190
11730
10028
11563
10784
10430
11127
210
10219
551
20292
528
3595
12306
798
12973
12598
13563
9053
21408
3176
524
16493
7248
14188
20022
8820
720
2851
5651
9435
10543
11675
18494
967
13965
537
22969
14515
7075
20961
15644
11103
10014
10506
14141
1790
6093
19199
19510
3168
7900
975
315
10267
6531
686
749
666
814
734
3884
14592
15615
338
13257
4101
11271
611
8291
349
239
523
9852
23693
9036
6220
4921
6231
8590
5294
8831
7759
390
4836
490
22690
19465
6783
20297
20119
9198
6976
8431
9817
5138
2205
13588
6403
8667
7460
492
6460
1729
23695
735
12880
2554
12497
10272
16843
6776
7527
9626
10705
6320
7025
341
7003
12532
22527
7510
1304
13142
16976
5758
11261
22201
6856
12187
5958
10853
11333
2190
12434
8004
410
1285
10409
5980
8850
10222
5577
17364
20669
6476
20686
3961
14844
16694
742
10613
26194
19796
9207
20525
7124
8716
853
8547
14910
16364
1043
7547
5279
1248
16789
11550
21788
10986
20083
13083
8389
9436
6205
3930
13214
7186
10558
5855
22715
1639
11891
5137
5463
5085
618
21418
8803
24236
9846
18519
985
20476
900
397
10348
10035
6080
7697
1086
10521
6978
7805
303
1291
596
474
889
424
6636
3575
1183
21169
19938
11483
4635
10856
10320
12237
5532
23036
9874
11393
7746
10575
4740
11107
19536
15875
11909
21350
3208
18034
8617
811
1090
347
947
7429
10705
12148
7387
10944
20436
1990
12269
7618
4291
4571
21301
474
1575
260
10946
13529
20731
21679
10293
2003
9288
9396
12882
11837
19966
10726
515
9803
5492
399
10225
234
9139
609
13767
14323
9006
10247
605
7311
20245
17381
10382
10510
19608
10406
918
683
6186
12625
3239
7711
19091
3126
1111
9866
6280
27695
4598
201
2178
8854
9202
9956
664
8682
11792
4651
728
9907
17959
12424
1105
4959
18376
10533
747
319
10755
8275
2849
8370
5851
4410
20456
22697
5797
882
1007
10603
14287
22168
17800
4019
15176
19273
21702
8495
6256
14872
22877
25548
617
18772
8852
11234
11281
11401
805
1371
15156
3882
7575
5037
7771
7476
206
4305
3983
9615
14643
14244
8271
3447
3606
626
11920
7345
21602
5501
17157
11218
9523
6111
18551
1009
9156
24343
24039
11002
633
12421
160
8907
9989
9306
995
4801
5722
17368
571
1816
10738
15632
8359
8866
721
10092
18191
20000
744
9535
11090
11495
9611
823
11834
10174
11011
1169
10728
11866
10367
7252
2408
13811
10458
19994
1603
6039
1866
8215
13978
4883
5525
21573
6808
25147
24104
6887
16519
12750
363
5288
693
643
10971
1172
667
13447
272
14319
17915
