3 1157 0.28925
4 1071 0.26775
1 668 0.16700
2 551 0.13775
31 6 0.00150
23 14 0.00350
6 10 0.00250
5 230 0.05750
29 2 0.00050
65 1 0.00025
18 21 0.00525
12 7 0.00175
19 35 0.00875
11 15 0.00375
13 8 0.00200
16 14 0.00350
7 12 0.00300
50 2 0.00050
20 20 0.00500
37 1 0.00025
55 1 0.00025
28 3 0.00075
10 11 0.00275
26 5 0.00125
22 18 0.00450
17 18 0.00450
40 2 0.00050
33 3 0.00075
21 24 0.00600
15 5 0.00125
9 13 0.00325
36 4 0.00100
14 8 0.00200
24 8 0.00200
8 6 0.00150
47 1 0.00025
39 1 0.00025
27 4 0.00100
38 1 0.00025
73 1 0.00025
25 6 0.00150
59 1 0.00025
44 2 0.00050
30 2 0.00050
57 1 0.00025
87 2 0.00050
41 1 0.00025
32 1 0.00025
46 1 0.00025
96 1 0.00025
3 1157 0.28925
4 1071 0.26775
1 668 0.16700
2 551 0.13775
31 6 0.00150
23 14 0.00350
6 10 0.00250
5 230 0.05750
29 2 0.00050
65 1 0.00025
18 21 0.00525
12 7 0.00175
19 35 0.00875
11 15 0.00375
13 8 0.00200
16 14 0.00350
7 12 0.00300
50 2 0.00050
20 20 0.00500
37 1 0.00025
55 1 0.00025
28 3 0.00075
10 11 0.00275
26 5 0.00125
22 18 0.00450
17 18 0.00450
40 2 0.00050
33 3 0.00075
21 24 0.00600
15 5 0.00125
9 13 0.00325
36 4 0.00100
14 8 0.00200
24 8 0.00200
8 6 0.00150
47 1 0.00025
39 1 0.00025
27 4 0.00100
38 1 0.00025
73 1 0.00025
25 6 0.00150
59 1 0.00025
44 2 0.00050
30 2 0.00050
57 1 0.00025
87 2 0.00050
41 1 0.00025
32 1 0.00025
46 1 0.00025
96 1 0.00025
