-3 [0.17051221]
-3 [-0.07226826]
-3 [0.03485448]
-3 [0.890168]
1.1076081 [0.07453573]
-0.4405242 [-1.3092644]
-0.47563514 [-0.29671803]
-0.021442547 [-1.077065]
-0.36651203 [0.7718797]
-0.4653412 [-0.7332428]
0.39391124 [0.00657937]
0.26234967 [0.82746977]
-0.46155497 [-1.5488483]
0.156496 [-1.5377945]
-0.37861764 [0.8826457]
-0.36961976 [0.34830064]
0.3722192 [0.06209454]
-0.48683852 [0.15835522]
-0.44458064 [-0.9552043]
-0.41895238 [0.8174974]
-0.50908524 [0.8516148]
0.592124 [-0.265051]
1.9346181 [0.8737555]
-0.3574862 [-0.4423465]
-0.32703468 [-0.60440344]
-0.267571 [0.99486905]
-0.4162385 [1.0312427]
-0.46277538 [0.06162049]
-0.46546558 [-0.79588276]
-0.38346806 [0.8133064]
-0.4769661 [-0.7198033]
1.6314666 [-0.4885232]
-0.13984306 [-0.8835138]
-0.37326822 [0.42630512]
-0.45194006 [0.09005735]
-0.10663101 [-0.8912294]
0.16741909 [-1.1279148]
-0.34771895 [0.94052136]
-0.06781927 [0.48887044]
0.60614103 [0.3712741]
-0.49600035 [-0.77618575]
-0.48253283 [0.11648581]
0.37678096 [0.43824372]
-0.50281036 [-0.1988119]
0.80988 [0.38950312]
-0.443344 [0.89889526]
0.45739633 [0.24532722]
-0.23766215 [-0.20499994]
-0.41191205 [-0.02848463]
-0.20572412 [-0.19041617]
-0.41374344 [-0.46280205]
-0.32842556 [-0.17283292]
-0.026828056 [-1.722755]
-0.41543382 [-0.86874163]
-0.29436657 [-0.08292899]
-0.08613979 [0.82605046]
0.44388217 [-0.6130177]
0.4334269 [0.25617018]
0.03871097 [0.13467838]
-0.5273497 [-0.44807947]
-0.46154493 [0.08787356]
-0.029104428 [0.11903869]
-0.47807673 [0.09241804]
0.990088 [-0.755077]
-0.4009352 [0.22530179]
-0.39911428 [-0.5903657]
-0.3939008 [-0.65021396]
1.1490111 [-0.4478948]
0.46097893 [-0.82863003]
-0.45796904 [-0.03002717]
-0.4781092 [0.00054298]
-0.44444802 [0.3670999]
0.055516746 [-0.60271084]
-0.52948946 [-0.35643265]
-0.30746293 [0.21966423]
-0.038428485 [0.41028312]
-0.044338755 [-1.0301532]
-0.43466148 [0.66929376]
-0.39013532 [-0.78084165]
-0.44026992 [-1.6546513]
0.20702855 [-0.99517673]
2.272483 [-0.10097046]
0.16270629 [-0.49068433]
-0.46069863 [0.8408873]
-0.0829657 [0.2979742]
-0.49737757 [0.28312236]
0.8777771 [0.5852634]
-0.33997715 [-0.27895322]
-0.48461306 [-0.5423503]
1.7211496 [0.85744804]
-0.44640404 [-1.1569643]
1.1877072 [0.35643578]
-0.2989701 [-0.7680871]
0.032706365 [0.35433087]
1.1710017 [0.03106058]
-0.40320888 [0.01099378]
-0.34003052 [-0.51177937]
-0.31274137 [-0.9524067]
-0.3834651 [0.5182151]
0.036677647 [-1.1626234]
-0.47693998 [0.9380991]
-0.41457257 [-0.30070698]
0.13774788 [-0.23036687]
0.55054694 [-0.15698399]
1.125667 [-0.05723557]
-0.49063635 [-0.98824346]
-0.3880171 [-0.02786726]
-0.1641785 [-0.34478652]
0.0073082605 [-0.36165127]
-0.508806 [-0.3940408]
0.019724958 [-0.02192137]
-0.43112808 [-0.31163567]
0.36566433 [0.7852587]
-0.37524405 [0.12870601]
1.9089094 [0.26591378]
0.39613608 [0.13839625]
1.3448006 [-0.05212857]
-0.47010556 [-0.47865987]
-0.41468856 [-0.26211593]
-0.44922078 [-0.2465782]
-0.31526774 [-0.12364242]
0.68636435 [0.9414853]
1.0269878 [0.9534543]
-0.5130695 [0.07665223]
0.329564 [-0.3066653]
0.6202292 [0.0008344]
-0.41006082 [-0.4736027]
0.85025936 [0.29095]
0.26758954 [0.33162794]
0.580337 [0.9154424]
-0.45388693 [0.8564699]
0.047114115 [0.24991484]
-0.4151262 [0.09608787]
1.2567002 [0.23964722]
-0.5027124 [1.0135665]
-0.40119874 [-0.86144984]
0.1329008 [-0.37553564]
0.73838353 [0.9059958]
-0.19528739 [-0.21730368]
-0.46689978 [0.08414503]
-0.040002257 [-1.4730783]
0.2724655 [0.1418672]
-0.46329126 [-0.47145137]
1.3732836 [0.15559842]
-0.50671554 [-0.12707242]
-0.1027154 [0.43567213]
0.68293226 [0.15497927]
1.8561656 [-0.2292764]
-0.4060488 [-0.80282426]
-0.4037527 [-0.01535619]
-0.51773053 [-0.99124223]
-0.19168288 [0.6840812]
-0.43490386 [0.02938823]
-0.50787294 [-0.31801942]
0.52933407 [0.79511017]
0.33099166 [-0.45595255]
-0.3341651 [0.83360445]
-0.5032995 [-0.8434998]
0.4235363 [-0.22643442]
0.915196 [-0.6800798]
-0.48984084 [-0.31962925]
-0.28315714 [-0.4549608]
-0.18087886 [0.31152332]
-0.4487116 [-1.0487525]
0.023767117 [-1.5319465]
-0.4529236 [0.29408354]
-0.37278894 [0.4841309]
-0.046393473 [-0.1107983]
0.14668739 [0.05348998]
-0.30566725 [0.30741766]
0.23940939 [-0.5849467]
-0.45037803 [0.5877689]
-0.35866317 [0.05897671]
0.020131417 [-0.32569227]
0.5416894 [0.14232461]
-0.48556232 [-0.9824369]
0.7866204 [-0.86837107]
-0.41274428 [0.2176692]
-0.29122922 [0.09476072]
0.10135814 [-0.44226694]
-0.3725839 [0.01039143]
-0.32489553 [-0.10455921]
-0.33379665 [-0.22234596]
-0.38459313 [0.3655511]
-0.46788976 [1.006154]
0.38301936 [0.3151447]
0.3330399 [0.06285865]
-0.27962685 [0.6861723]
0.7637299 [0.3824235]
-0.37519136 [-0.30430952]
0.9948809 [-0.11051453]
-0.48212895 [0.11256851]
0.73614275 [-0.8073239]
0.07532315 [0.81532055]
-0.43563792 [-1.2870318]
-0.45944074 [-1.6684029]
0.031136721 [-1.4802439]
1.0445931 [-0.24777746]
1.5931416 [0.46970016]
-0.48546824 [-1.1023169]
-0.4432917 [-1.7342892]
0.55334496 [0.8208273]
-0.4014891 [-0.55583364]
-0.11601049 [-0.05728716]
-0.09166319 [-0.11826149]
-0.41792682 [-1.217769]
-0.48381162 [-0.03930711]
0.12134187 [-0.10922628]
0.25705102 [0.83443457]
-0.45973197 [-1.1001866]
-0.5334413 [0.95352036]
-0.40526593 [-0.02127943]
-0.016395967 [0.7294439]
-0.38930103 [0.07409608]
0.58825815 [-1.2361698]
-0.44951278 [0.83508134]
-0.4294484 [0.28219202]
0.33391315 [0.8722562]
-0.34092823 [0.06472059]
0.2974819 [0.44708264]
0.37068462 [0.739665]
-0.44813684 [-0.61169857]
-0.17975435 [1.0443673]
-0.37064737 [0.3095926]
-0.0035483274 [-0.08432616]
-0.43846714 [0.0975593]
-0.29558143 [0.3531364]
0.076967284 [0.91943]
-0.18666542 [-0.1599746]
0.14206041 [-0.845482]
-0.3689915 [0.35582578]
-0.011769508 [-0.01620506]
-0.37135744 [0.97686195]
0.30483526 [-0.01150987]
-0.32243142 [0.1836756]
-0.44327968 [-0.10894468]
-0.25299647 [-0.43103278]
-0.46273494 [-0.80757064]
0.71744514 [-0.55120015]
-0.45396528 [0.02410544]
-0.36006722 [0.38719702]
-0.087776445 [-1.3464146]
-0.5295895 [0.02174965]
-0.2885175 [0.7166155]
-0.42404097 [0.27050728]
-0.43391854 [0.05657179]
-0.22217576 [-0.33152282]
0.15937936 [0.04365573]
-0.34549192 [0.10301013]
-0.064316556 [0.8117471]
-0.47754115 [0.8470004]
-0.3908409 [-0.5322514]
-0.35730872 [-0.33797526]
1.4973357 [0.0869821]
-0.5154468 [-1.4889395]
-0.4027666 [0.27988073]
-0.4970197 [-0.08801223]
-0.35681838 [0.83378077]
-0.21058409 [0.28918168]
-0.4988176 [0.7128834]
-0.4849208 [0.24443604]
-0.3985341 [-0.0055375]
0.3665713 [1.0724202]
-0.5276507 [0.7420897]
-0.41831034 [0.41398364]
-0.41687086 [0.21759345]
-0.27246615 [-0.8891667]
-0.4187435 [-0.27937242]
0.4726969 [0.56872034]
-0.44579628 [-0.03699091]
0.8570109 [-0.00429771]
-0.27825052 [-0.16726553]
-0.33110455 [0.9435051]
1.2001063 [-0.16847134]
0.15095481 [-0.43429217]
0.3072186 [0.4270688]
-0.25664714 [0.09624758]
-0.44641268 [-1.1209908]
-0.41976607 [-0.03279135]
-0.3407174 [-0.04814726]
-0.5202024 [0.8319733]
1.2682521 [0.85830253]
-0.36485165 [0.01791207]
0.88394 [0.7734734]
-0.120964274 [0.09471022]
0.7227312 [-0.1822555]
0.5871187 [0.84479433]
-0.43142655 [0.99994725]
-0.3966692 [0.42307332]
0.1888668 [0.00236001]
-0.22718084 [-0.20528208]
0.5808968 [-0.18919536]
0.17995615 [0.9444977]
0.31504878 [0.05706604]
0.34046546 [0.2839356]
-0.43975058 [0.24001727]
0.52093685 [-0.14564009]
-0.29898685 [-0.2934244]
-0.47835663 [0.8518097]
-0.41004238 [0.26529258]
-0.5016365 [-0.22342524]
-0.47149414 [-0.62129474]
-0.5211725 [0.2605435]
-0.4372845 [0.10154606]
-0.44649658 [0.7417116]
-0.4442367 [-0.7245118]
-0.5038381 [-0.9090846]
0.4595039 [-1.6113518]
-0.51006633 [0.9400499]
-0.17337498 [-0.5571392]
-0.48070905 [-1.6628824]
0.6096829 [-1.6013278]
0.9258678 [-1.6310059]
-0.47676095 [0.6836878]
-0.39772582 [0.43638575]
1.3892854 [-0.4559359]
-0.4495691 [-0.8839261]
0.34052628 [0.4813917]
-0.40920344 [-0.13589114]
-0.05053589 [-0.3408253]
0.23190112 [0.7148449]
-0.34496084 [0.5091694]
0.6532319 [0.5714413]
-0.15654446 [-0.3881469]
-0.41206694 [0.9564922]
-0.22710404 [-0.11408798]
-0.40252432 [0.0934864]
0.43010846 [0.673001]
0.11511612 [0.8177038]
-0.47294715 [-0.43103537]
-0.066450916 [-0.32113358]
-0.3783452 [0.3762974]
-0.45159355 [-0.23181932]
-0.45204574 [0.49271882]
1.9364 [-1.5308262]
-0.43691838 [0.84789443]
-0.42715088 [-1.2252558]
-0.35139087 [-0.7856514]
-0.32057425 [-0.98322964]
0.41862014 [0.18444994]
-0.28208882 [-0.2518797]
-0.40074977 [0.986079]
-0.23514016 [0.0112433]
-0.4700165 [-0.38311225]
0.20306602 [0.49585274]
0.61450267 [-0.12064825]
0.3283436 [0.20960258]
-0.21910194 [0.7176627]
0.8290604 [0.14881362]
-0.4186748 [-0.27374607]
-0.33066225 [-0.12985052]
0.106022224 [-0.9469552]
-0.46309963 [0.17929259]
-0.16014022 [0.15053757]
-0.19202232 [-0.14780545]
-0.38563052 [-0.19730212]
-0.42544258 [-0.664362]
0.54577744 [-0.23598053]
-0.48082554 [0.38312697]
-0.42559668 [0.9137624]
-0.027670871 [-0.87681526]
-0.35071325 [0.2921364]
1.5306427 [-0.00532347]
0.6582692 [0.9748855]
-0.46389425 [-0.13189018]
-0.44976807 [-0.07123021]
-0.42014134 [0.22027464]
0.4059305 [-0.60145426]
-0.46963596 [0.7936988]
0.5620796 [0.7716053]
0.43023372 [-0.09762454]
2.354426 [-0.13978374]
0.3080225 [0.6014531]
-0.42226294 [0.49128285]
-0.4539904 [-0.30479175]
0.59936523 [0.07630062]
0.60247105 [-0.4861277]
-0.47535267 [0.9543486]
0.7105624 [0.0700139]
-0.41389084 [0.8289371]
-0.4967836 [-1.4384807]
0.66129667 [-0.19837812]
-0.35829845 [0.23295756]
-0.46673545 [-1.0833992]
-0.11448285 [-0.4914106]
-0.26866886 [0.26051798]
-0.36307466 [0.02046618]
-0.44129792 [-0.3763265]
2.0020165 [-0.2297757]
0.25397488 [-0.2696916]
0.53282 [0.53555936]
-0.31136978 [0.31564426]
-0.47570744 [0.47460157]
-0.41526476 [-0.29578373]
-0.4528892 [0.86129886]
-0.37642685 [0.3467574]
0.7414398 [0.1482851]
-0.48232108 [-0.0224006]
-0.16884595 [-0.7396017]
-0.4233435 [-0.06658062]
0.28820732 [0.8255359]
-0.42029288 [0.12726338]
-0.45960942 [0.08241591]
-0.30996034 [0.09830797]
-0.49490598 [-0.27366254]
0.72857004 [-0.45480844]
-0.49900007 [-1.6039035]
0.028352598 [-0.20012566]
-0.44576058 [0.3462304]
-0.36118466 [0.8437687]
-0.36134353 [0.7878941]
-0.45070368 [1.0031456]
-0.4899447 [-0.4028438]
-0.17891487 [0.11025682]
-0.454538 [-0.13410524]
-0.40004316 [-0.6239646]
-0.0055530407 [0.30700245]
0.9346849 [-1.0168629]
0.63461524 [-0.34968388]
1.1870563 [0.8321854]
-0.38042608 [-0.6741509]
0.29277012 [-0.02995537]
-0.39794102 [0.25421992]
0.0015028907 [0.07742029]
-0.45957166 [-0.16116908]
-0.23598452 [0.873957]
-0.36582837 [-0.11559436]
-0.41917738 [0.18425667]
0.2218809 [0.48110506]
0.356124 [1.292336]
-0.28912657 [-0.28800523]
-0.11706954 [0.28437757]
0.25610742 [-0.38613972]
-0.2860838 [0.3900682]
-0.43199062 [0.7877724]
-0.48516294 [0.17910545]
-0.42175275 [-0.24406955]
1.4666108 [0.7156944]
-0.4242442 [0.8446224]
-0.007830961 [0.30752823]
-0.35233366 [-0.46838486]
-0.4217588 [0.8818055]
-0.43560997 [-0.01614595]
-0.40876874 [0.09625849]
-0.503147 [0.82292116]
-0.49789807 [-0.77219504]
-0.47045144 [-0.50315815]
-0.32199362 [0.41392085]
0.66816986 [0.30990914]
-0.28646925 [-0.25920543]
-0.4730933 [-0.3676119]
-0.19695137 [-0.593548]
-0.39401072 [-0.38624907]
-0.45713937 [0.4361204]
0.393005 [0.23113997]
0.45561713 [-0.7265485]
0.5847686 [-0.6654678]
-0.39178976 [0.05076594]
-0.4475707 [-0.09234133]
0.124252796 [0.5861528]
-0.39627498 [0.19698736]
-0.32636622 [1.1430615]
-0.45023653 [0.50759906]
1.0052055 [-0.6511908]
-0.39294806 [-1.3253616]
-0.4114686 [-0.07304356]
-0.3107226 [1.1818213]
1.4056655 [0.03552549]
0.2772943 [-0.5754605]
0.63375723 [-0.41143173]
-0.39830703 [0.8547738]
0.51815295 [-0.38318008]
-0.4712734 [-1.2034605]
-0.4267532 [-1.2803636]
0.28881174 [0.7427528]
0.01275872 [0.33749658]
-0.51932466 [-0.27662393]
1.172859 [0.12015168]
-0.37978184 [0.13466883]
0.27395087 [0.81575376]
1.8787026 [-0.47190797]
1.6266509 [0.07649799]
1.5824453 [0.8293589]
-0.34617996 [0.24921626]
-0.10481316 [0.4471894]
-0.3577782 [0.10679829]
-0.39155677 [-0.38733557]
-0.3944043 [0.17841192]
-0.39014384 [0.83393395]
-0.29843748 [0.6428835]
-0.1632782 [0.38125154]
-0.42065734 [-0.8792636]
-0.41955447 [-0.84227026]
0.63048625 [0.01570507]
-0.03233058 [0.25164723]
1.6901394 [-0.4416788]
0.51201355 [0.04724967]
0.34461018 [-1.272999]
-0.44672015 [-0.86302775]
-0.4463584 [0.6582253]
-0.44862422 [-0.549837]
-0.008747231 [-0.00178946]
-0.38495678 [0.364407]
-0.09414189 [0.00854873]
-0.42572182 [0.21748057]
-0.40618038 [-1.0163027]
-0.41209593 [1.0197312]
-0.39225474 [0.8618978]
-0.22848347 [0.1883611]
-0.054250207 [-1.5827]
0.19754958 [0.95644903]
-0.32836887 [-0.13112102]
0.0038684423 [0.2025321]
-0.47828987 [-0.24681312]
-0.4984195 [0.8378325]
-0.20088398 [0.13272186]
0.9352648 [-1.3242141]
-0.34513262 [0.06299596]
-0.4226315 [0.85847425]
0.16275938 [0.84260416]
0.62203926 [0.13760157]
-0.48729846 [-0.41715077]
-0.33566025 [0.02828999]
-0.39968827 [0.16631034]
1.4002714 [0.59192353]
0.33127233 [-0.06528227]
-0.44762588 [-0.40785047]
-0.46277848 [-0.04658794]
0.14036319 [0.81569016]
-0.40741405 [1.0560448]
0.12750497 [0.71923155]
0.40603822 [0.01858486]
-0.4578845 [0.1291948]
-0.08909093 [-0.90800756]
-0.04705071 [0.9477679]
1.3677837 [-0.1794116]
-0.17386392 [-1.0324447]
-0.09921321 [-0.3238953]
-0.31562123 [0.79382163]
-0.341341 [-0.5830726]
0.11817448 [0.4323557]
-0.26094252 [-0.38413855]
-0.32197148 [0.51532704]
-0.39844388 [0.209045]
-0.30346563 [0.0364796]
1.8218994 [-1.2426641]
-0.41956684 [0.6247874]
0.32264778 [0.05691603]
-0.48202893 [0.67487997]
0.22234458 [0.93963164]
-0.36627415 [0.94613594]
0.06885667 [0.6679812]
-0.44894356 [0.02910296]
-0.4673119 [0.11369979]
-0.48272175 [0.28402147]
0.0783779 [0.17773736]
-0.4543787 [-0.40492606]
-0.054705378 [-0.46184835]
0.30480433 [0.99977416]
-0.036760896 [0.02970859]
0.118041486 [0.92179054]
0.52307814 [0.26241583]
0.20162165 [0.8339817]
-0.45389697 [0.01644229]
0.021503631 [0.8498518]
-0.5065287 [0.83397627]
0.9963637 [-0.3150796]
0.7291871 [0.55754435]
-0.4774226 [-0.47144496]
0.72249764 [-1.0946221]
-0.24530393 [-1.1733006]
-0.31127107 [-1.0030646]
-0.3745479 [-0.91854197]
-0.437946 [0.8493148]
0.0807914 [-0.19199857]
0.32883513 [0.09357062]
-0.1908831 [-0.45937097]
1.927093 [0.8736348]
0.502657 [-0.10190219]
-0.44527435 [0.44536868]
0.63103366 [0.34358686]
-0.48005965 [-0.11622005]
-0.4054127 [0.85886437]
-0.4122596 [0.26057434]
0.89125645 [-0.18554041]
0.51405644 [0.8995958]
0.64501953 [-0.37326518]
0.12023925 [-0.5308118]
-0.4593964 [0.65200627]
0.1648512 [0.46908113]
-0.371239 [0.88743126]
0.33391702 [-0.72092515]
-0.37760085 [0.22488533]
1.6034937 [0.50211287]
-0.32770583 [0.34952348]
-0.4413429 [0.2308057]
-0.45123526 [-0.29133886]
-0.44838142 [0.8424444]
-0.3752085 [0.33166438]
-0.40973657 [0.1871198]
0.46882948 [0.41283926]
-0.46349603 [-0.3526222]
-0.39581594 [-0.9972877]
-0.4278066 [0.06462312]
0.16924287 [-0.38272431]
-0.44985068 [-1.1666075]
-0.4635919 [-0.7983647]
-0.4500262 [0.29755926]
-0.44588843 [0.54258347]
-0.2077809 [0.78955066]
0.5594697 [-0.56587726]
-0.35611552 [0.18806203]
-0.39707 [0.3631373]
2.0461986 [0.9511407]
0.4742588 [0.07118121]
-0.49798545 [0.26551795]
-0.42405745 [-0.8300858]
0.4502386 [-0.7828679]
-0.3893973 [0.20129544]
-0.40408996 [-0.22706012]
-0.35201162 [-0.23985115]
-0.47547972 [0.1445473]
-0.34800464 [-0.7177018]
2.0132163 [0.7716782]
-0.3145828 [0.54237473]
-0.4596191 [-0.67366666]
-0.41284364 [0.6827408]
0.038806852 [-0.38479987]
0.14854442 [-0.23427187]
-0.13733138 [-1.5797185]
-0.37246522 [-0.91606337]
-0.41929364 [0.17227848]
0.030063486 [-0.68732005]
-0.4571096 [0.17590585]
-0.45909947 [0.68121284]
-0.2320024 [0.4367974]
0.6783463 [-0.0613359]
-0.41970912 [-1.361119]
-0.42196783 [-1.3791625]
0.35311 [0.71283895]
-0.4460012 [-0.32505322]
-0.4446742 [0.29239085]
-0.24177442 [0.39546975]
1.5265762 [-0.11116588]
-0.29385895 [0.20064299]
-0.4875959 [0.42146647]
-0.48169413 [-0.00074131]
-0.34895843 [-1.3999573]
-0.44219372 [-1.0273372]
-0.392604 [-0.19824353]
-0.13258351 [0.15062137]
-0.39916247 [0.20775975]
1.8823569 [-0.7341389]
0.33048365 [0.21429858]
-0.3597896 [-1.666393]
-0.39430648 [0.9431841]
-0.35914502 [0.10733254]
-0.3687201 [-0.07783388]
0.18363284 [-0.28905624]
1.9596071 [1.1395426]
-0.33262947 [0.08516356]
-0.50181484 [-0.6903591]
-0.48146874 [-0.48913088]
-0.4459736 [-0.19346905]
-0.45895773 [0.02269953]
-0.07599199 [0.85576123]
0.28410795 [0.77817893]
-0.12473091 [0.85268575]
-0.48750067 [0.73146844]
-0.019316437 [0.14093125]
-0.030359888 [-0.37570325]
-0.4795835 [-0.55167025]
-0.42681995 [-0.01110544]
-0.41001105 [0.9957107]
-0.17147852 [0.22441334]
-0.36693576 [-0.11685503]
0.38012183 [-1.6832858]
-0.49964738 [-1.3991768]
-0.44090292 [-0.6012122]
-0.5136079 [0.28082567]
-0.4027943 [0.00552672]
-0.43199125 [0.38577187]
-0.47637343 [0.29763052]
-0.41408262 [-0.02894599]
-0.16496667 [-0.43023047]
0.32994625 [0.03835205]
-0.43307146 [0.31955624]
-0.41051057 [0.6527084]
-0.48399138 [0.19448471]
-0.35444495 [0.7612327]
-0.50211746 [-0.21232076]
1.6344033 [0.60902923]
-0.20109895 [-0.7400981]
0.5014663 [-0.26433003]
-0.45676473 [0.43874657]
1.7802526 [-0.7090831]
-0.34996182 [0.86556274]
-0.31335348 [-0.2917747]
-0.3991872 [-0.4962273]
-0.44073606 [-0.4717233]
0.499268 [0.06581187]
0.89797425 [0.39587298]
0.12222205 [0.40455955]
0.36264256 [0.3300308]
0.5288804 [-0.3546459]
-0.44799522 [0.22985446]
0.24016999 [0.8105907]
-0.39466178 [0.5019309]
-0.41823766 [0.39145365]
-0.50235003 [-0.2831416]
-0.45518118 [0.2255528]
-0.38734284 [-0.2931784]
-0.2519225 [-0.88936627]
-0.46707505 [-0.05654708]
-0.43766776 [-0.01194789]
0.3696222 [0.45921385]
-0.3286748 [8.722083e-05]
0.20974153 [0.35120648]
0.28696346 [-0.35678467]
-0.45200863 [0.83933616]
0.067222334 [0.21792677]
-0.2778309 [-0.57236314]
-0.47398496 [0.01547276]
1.6769065 [-0.3855356]
-0.11823583 [-0.1120396]
0.029764505 [-0.38371924]
0.5281221 [0.25817612]
-0.03122925 [0.5116321]
-0.39879274 [-0.10772346]
1.2689408 [0.4643338]
-0.36245492 [-0.59332985]
-0.3432488 [0.84949934]
-0.36045048 [0.68907636]
-0.13983122 [0.06388578]
0.43433386 [0.8309231]
0.40632072 [0.5572083]
-0.48004794 [0.29379553]
-0.48368016 [0.7284513]
-0.47222677 [0.01411967]
-0.48026353 [-0.2065134]
0.8859078 [0.39793214]
-0.47850972 [0.08722615]
0.86086386 [0.7061842]
-0.3615291 [0.52579665]
-0.4033509 [0.22296456]
0.63201827 [1.0216537]
0.38599008 [0.42628083]
0.6640813 [-1.6632265]
-0.38542625 [0.81361187]
-0.29535282 [0.36479655]
-0.3099254 [-0.21279289]
0.056394357 [0.29300985]
-0.4235617 [-0.07979532]
0.4828501 [-0.10406237]
0.40727514 [-0.23449259]
-0.29561573 [0.04787564]
-0.27486533 [0.205679]
0.027006414 [-0.3463235]
0.0117483735 [0.32837442]
-0.47168577 [0.1894446]
2.0784147 [0.28852993]
0.26321465 [0.92663616]
-0.44127896 [0.02201405]
-0.15293814 [0.983921]
-0.47876593 [0.9375853]
-0.36096093 [0.8702527]
-0.22171672 [0.20967342]
-0.36781776 [0.79547924]
-0.3287998 [-0.7823149]
-0.45804456 [-0.25478473]
-0.5120445 [-1.7135572]
-0.4690277 [0.7829795]
0.73400295 [0.6659373]
-0.50465643 [0.95519406]
0.3615956 [0.9234752]
-0.42939064 [-0.6551668]
-0.5097766 [-0.13950583]
-0.41444913 [-0.4108191]
-0.4021404 [-0.10530093]
-0.40790945 [0.44322526]
0.2516681 [-0.40696722]
1.1284758 [0.45618516]
-0.4902581 [0.3503437]
0.4815377 [-0.14157006]
-0.47747695 [0.7393857]
0.08728545 [0.88572806]
-0.48414525 [0.7133557]
-0.36016437 [-0.25911945]
0.2592341 [0.84326804]
0.42861795 [-0.03512447]
-0.42730707 [0.8531195]
-0.37896624 [-0.50060976]
1.5705744 [0.04677589]
0.45306498 [-0.31067964]
-0.11619889 [0.06629316]
-0.24409719 [-0.61734533]
0.35581163 [0.04580568]
-0.3761423 [-0.3359767]
-0.11835568 [0.8296029]
-0.4546831 [-0.11287345]
-0.41435194 [-0.69420785]
-0.08141951 [0.95804274]
0.2663511 [0.38218966]
-0.41276246 [0.17697339]
-0.043212682 [-0.72362965]
0.08190149 [-0.54867744]
-0.4189592 [-0.32453656]
-0.3624722 [0.23433016]
-0.38368446 [1.0455071]
-0.1668652 [0.12734242]
-0.23772117 [-0.04010698]
-0.40560898 [0.47223064]
-0.19497114 [0.36527893]
-0.46859738 [-0.33996156]
-0.17381623 [0.49229825]
0.9531972 [0.7277137]
-0.43087935 [0.19749035]
0.23214597 [-0.2340083]
0.46017426 [0.05558164]
-0.008317834 [-0.1621053]
-0.38334435 [0.36569387]
-0.45734322 [0.8200007]
0.39312822 [0.83890045]
0.22652617 [0.60351205]
-0.4174884 [-0.51153636]
-0.35265893 [-0.08292489]
0.99866664 [0.46848848]
0.4713685 [0.04108183]
-0.47331497 [0.7942054]
-0.4446791 [0.06635785]
0.8847073 [0.8120995]
-0.39868745 [-0.41965258]
-0.38057917 [-0.10660064]
-0.38132393 [0.45819587]
-0.26869977 [0.90814126]
-0.20288716 [0.20169005]
1.7367139 [-0.40817437]
-0.41519952 [0.30715054]
-0.15509853 [-0.89915097]
0.94755393 [-1.5400386]
0.6736033 [0.84138715]
-0.222367 [-0.13724764]
0.5633992 [-1.13931]
-0.39942512 [0.7247337]
-0.0007410068 [0.35095218]
-0.4759604 [-0.22448608]
-0.40576425 [0.0922436]
-0.33677974 [0.05824018]
-0.4338073 [0.33299643]
-0.46445355 [-0.98183775]
0.57231295 [-1.5633641]
0.05938416 [0.03755328]
-0.41238603 [-1.5729198]
1.7422929 [0.6719688]
0.56792414 [0.09091304]
-0.38386667 [-0.06464101]
-0.4935375 [-0.4326564]
0.016990578 [-0.00123542]
-0.15268375 [-0.6496491]
-0.18993591 [0.25238037]
-0.3775122 [0.22554407]
0.46805394 [-0.26341072]
-0.08902314 [-1.6155834]
-0.17050168 [0.85780734]
-0.371755 [-1.7144759]
0.5027877 [-0.24438348]
-0.44325134 [0.31537566]
-0.16330038 [0.76860785]
0.4360458 [0.44514674]
0.54062 [-0.9063226]
0.7411313 [0.3047328]
-0.106342345 [0.87710565]
-0.52166015 [-1.1441946]
0.0037204986 [0.3510136]
-0.3563417 [0.2231218]
0.7220597 [-1.1964164]
-0.32579327 [0.5677343]
-0.15798885 [0.06396385]
0.08543564 [0.69279534]
-0.44334465 [0.32772812]
-0.42361158 [-0.24314411]
0.5073433 [0.41940868]
-0.38543993 [-0.7024198]
0.6867007 [-0.0083216]
-0.44408694 [0.8128677]
-0.3300014 [-0.28733066]
-0.1675245 [-0.27092782]
-0.43734133 [-0.6544178]
-0.410662 [-1.6145248]
-0.51106405 [-0.36612165]
-0.44206405 [-0.00930943]
-0.44619837 [0.2066768]
0.15153345 [0.36667132]
0.547252 [-0.2616995]
0.013443024 [0.9054861]
-0.2637331 [-0.2566568]
-0.5045374 [0.24267416]
-0.40464565 [-0.28055665]
-0.46380997 [0.71604985]
-0.4327315 [0.35485297]
-0.4282584 [-0.44222832]
-0.39669138 [1.0562856]
1.565134 [0.7019294]
-0.45153424 [-0.63361824]
-0.49788892 [-0.19509389]
0.259181 [-0.7700625]
-0.48857507 [-1.6911197]
-0.45672324 [0.9379555]
0.07333751 [0.7343051]
-0.4470953 [-0.4943494]
0.25655666 [0.70569855]
0.50146216 [0.99722385]
-0.47554803 [-0.23578507]
0.44238058 [0.0509412]
-0.39131168 [0.24792515]
-0.4433618 [0.536613]
0.26602352 [-0.02648702]
-0.3427471 [0.02324592]
0.24629031 [-0.60292566]
0.30804157 [-0.56607974]
0.14629304 [0.7289662]
-0.5381099 [0.6900772]
-0.4636999 [-0.1159199]
-0.42347702 [-1.4551328]
0.059702728 [0.89595735]
-0.3619621 [0.2715314]
-0.08924944 [0.04762667]
-0.36705098 [-1.1679264]
0.6662943 [-0.07660241]
-0.4077838 [-0.49378893]
0.0061556404 [-0.45898032]
-0.44453824 [1.2407407]
0.6645571 [-0.38939446]
-0.409826 [-0.8040528]
-0.46773732 [0.25211364]
-0.4956003 [-0.88032174]
-0.39926428 [0.07001171]
-0.4551135 [-0.44191286]
0.30865395 [0.81976974]
-0.21269834 [0.12955037]
-0.4860698 [-0.04942719]
-0.42364612 [-1.4916797]
1.6679581 [0.8434441]
-0.4608774 [-0.7162944]
-0.5367093 [0.00444239]
-0.34000307 [-1.4034054]
0.5147183 [-1.7387364]
-0.3779734 [-0.42863962]
0.29435858 [-0.29314402]
-0.4460302 [0.80628806]
0.5297356 [0.09220866]
0.0045834174 [-0.75761145]
-0.52819973 [0.2196013]
0.65322757 [-0.4585981]
-0.34545764 [0.00273292]
0.077879176 [-0.47045484]
0.30760056 [0.8628768]
-0.49012578 [0.6062474]
-0.4773155 [-0.17040384]
0.0469654 [0.76662374]
-0.2990688 [0.01065364]
0.7413929 [-0.3348786]
-0.41038775 [0.08002532]
-0.2772707 [0.33698907]
0.1468222 [-0.2824683]
-0.4311924 [-0.7965419]
-0.4691451 [0.8480629]
1.5902708 [0.27780667]
1.5408535 [0.7349556]
-0.34200597 [-0.46950236]
1.4318966 [0.26999843]
-0.041387357 [-0.09850917]
-0.16507906 [-0.13766833]
1.5436039 [0.03258797]
1.9942414 [-0.67221314]
-0.36360058 [-0.41405925]
-0.28435448 [1.0909768]
-0.10853521 [0.7936821]
0.7839074 [-0.6419696]
0.30692762 [-0.37345845]
-0.28192154 [-1.3812459]
-0.4102219 [0.7862461]
0.4940678 [-0.07656965]
-0.47154376 [-0.5162294]
-0.36556575 [-1.2004182]
-0.1497326 [-0.34110373]
0.7104258 [-0.3698869]
-0.46571752 [0.8342465]
0.8743262 [0.38465422]
-0.38648546 [-0.05936381]
0.34390062 [0.8655925]
-0.39144388 [0.7639252]
-0.29343843 [-1.0491197]
0.29771903 [0.5052883]
-0.45915902 [0.87905043]
-0.45199034 [0.3198168]
-0.011309439 [0.7811966]
-0.42495066 [-0.3680879]
0.14293906 [0.21838349]
-0.33617637 [0.05695288]
-0.48246387 [-0.6325688]
-0.52365434 [-0.43323243]
-0.47636855 [-1.6549354]
-0.46225876 [0.8815303]
-0.50401646 [0.2366495]
-0.44814932 [-0.96708846]
0.47969562 [-0.4449813]
0.35018435 [-1.3359925]
-0.4097094 [0.8399965]
-0.50032926 [-0.13511516]
-0.48917636 [0.6322917]
0.0076131686 [0.8991863]
-0.4085056 [-0.34824246]
0.85725725 [0.16388822]
-0.27363783 [0.81965864]
-0.35786635 [0.861327]
-0.22799943 [-0.5474854]
0.093888015 [0.29511476]
0.12310533 [-1.6785706]
-0.41350952 [0.89824474]
-0.20013139 [-0.15734665]
0.64151037 [0.5106993]
0.6113304 [0.13064028]
-0.37196738 [0.2269991]
-0.4649662 [0.15624677]
1.6542324 [0.78410614]
1.0211518 [0.2879711]
-0.4877686 [0.7958797]
-0.4684988 [-0.62013525]
-0.41497272 [-1.5833057]
0.42829037 [0.27301908]
-0.343846 [0.5060456]
0.38542047 [0.28842005]
0.07034565 [0.05506078]
-0.41359946 [0.47226107]
0.2575232 [0.16749567]
-0.45865667 [0.3810173]
-0.42520195 [0.8710761]
-0.41809848 [-0.8126846]
-0.43023205 [0.6161319]
-0.46900347 [0.23385979]
0.28393862 [-0.23119295]
0.482955 [-1.5724993]
-0.43714622 [-0.28956333]
-0.4847306 [0.06500982]
-0.50393295 [0.18390492]
-0.46458048 [0.18500713]
0.6253049 [-0.00124935]
0.51895505 [0.20317008]
-0.5146723 [-0.5830898]
0.4199385 [-0.03076807]
-0.40446964 [0.50568265]
-0.20605919 [0.1145028]
-0.44366437 [-0.4209493]
-0.3731173 [-0.6153333]
-0.4162886 [0.3264134]
-0.07443626 [-0.32579288]
-0.24199325 [0.26219115]
0.18522052 [-0.74920624]
-0.46506193 [-0.91364676]
0.8973938 [-0.53205323]
0.24044344 [1.1336735]
0.23503165 [-0.09270468]
-0.49591258 [0.56695026]
-0.44464612 [0.35057575]
-0.3310607 [-0.4035316]
-0.4126711 [0.85183537]
-0.45633712 [0.08891488]
-0.39797777 [0.7569675]
-0.26698658 [0.6232791]
0.21972464 [0.48121208]
1.6613219 [0.3181442]
0.092655756 [0.85030496]
-0.42478094 [0.39606637]
-0.45406502 [-0.4180706]
-0.40603012 [0.7198756]
0.37838206 [-0.3799921]
-0.43767035 [0.9758099]
-0.44798774 [0.14302824]
-0.35805875 [-0.2695824]
0.6290478 [0.03739358]
-0.38135305 [0.446983]
-0.50165915 [-0.23626895]
-0.44530657 [0.08502175]
-0.52077407 [-0.34096137]
-0.34847426 [0.97102845]
-0.35012817 [0.8651901]
-0.41270435 [0.22088833]
-0.4512072 [-0.6616101]
0.5518042 [0.37511456]
0.025895031 [0.09785495]
-0.41252404 [0.84271604]
-0.4070651 [-0.04637869]
0.103538886 [-0.4292447]
-0.43455774 [0.04621598]
-0.48700723 [0.15074298]
-0.37662774 [0.2537628]
-0.51631063 [-0.33393896]
0.06707516 [0.06438399]
0.33251387 [-0.627927]
-0.46044374 [-0.1425939]
-0.16882353 [0.01596605]
-0.5015549 [0.00269538]
-0.40900356 [-0.01588961]
-0.481257 [0.84816223]
0.69882613 [-0.4851467]
-0.5034573 [-0.1707818]
-0.43301734 [-0.505326]
-0.2017201 [0.48246646]
-0.49165586 [0.17682911]
-0.37995505 [0.03457917]
-0.4220901 [-0.48313364]
-0.3781764 [-0.34064895]
-0.2305637 [0.23250863]
0.14034256 [-0.46084854]
-0.48695594 [0.0665858]
-0.39792556 [-0.27728868]
-0.429519 [0.6571511]
0.0070198476 [0.10029003]
-0.23119567 [-0.38804972]
-0.016388495 [-0.26403192]
-0.3896116 [0.76865125]
-0.49939248 [-0.10292549]
-0.45233324 [0.5027093]
-0.3894152 [-1.0974944]
0.8636691 [1.0842971]
-0.41894427 [0.9567509]
-0.3898442 [0.6925054]
0.7653415 [-0.92791605]
-0.4214875 [-0.16312192]
1.3280327 [0.3513902]
0.8133219 [-0.10432731]
1.51327 [-0.5664809]
0.16226348 [0.83905524]
-0.45414492 [-0.00097185]
-0.4407434 [-0.01761997]
0.9675209 [0.680458]
-0.5106625 [-0.41049603]
-0.24617587 [-0.4381127]
-0.19996025 [0.85169286]
-0.48272073 [0.29559138]
0.32057965 [0.24432561]
-0.21004824 [0.9065628]
-0.1993481 [-0.10954145]
0.23650928 [-0.05268971]
-0.4461137 [-0.2568162]
-0.16052425 [0.0471346]
-0.50469846 [-0.7361021]
-0.3776975 [0.84256977]
0.23004821 [-0.411772]
-0.46454093 [-0.18380022]
0.5913214 [0.31843507]
0.41733506 [0.24776463]
0.4808405 [0.4249171]
0.66422665 [-0.813866]
-0.41171178 [0.9730455]
0.6070302 [-1.1965419]
0.50357896 [0.12455176]
-0.40341985 [0.8443879]
-0.44786504 [-0.246365]
-0.37171325 [0.83815956]
0.05420871 [-0.08843318]
1.6740522 [0.36387643]
0.27086726 [0.69021857]
0.41805544 [0.0345763]
-0.4442073 [0.37968498]
1.2524848 [0.85064703]
0.08422271 [0.84340674]
-0.45514908 [0.10861915]
-0.44672891 [0.04548819]
0.039848126 [-1.249616]
-0.47825626 [-0.23344404]
-0.49163795 [-0.9539535]
-0.10483687 [0.2375501]
-0.4056309 [-0.56374633]
0.50646824 [-0.17289995]
-0.24608593 [-0.0695939]
-0.40229273 [0.10798608]
-0.12580569 [1.1300267]
-0.067109704 [0.3156653]
-0.46491554 [0.0206151]
0.4271666 [0.71062523]
0.1915241 [-0.20935948]
1.0870202 [-0.6782997]
-0.3255448 [-1.0411782]
-0.40475392 [0.08452176]
0.34456226 [0.28751767]
-0.40313646 [-0.7875709]
-0.29357287 [0.15607697]
0.9822248 [-0.5142581]
-0.47671482 [-0.05579321]
-0.36536482 [1.0048404]
-0.44849342 [0.83751094]
-0.49038184 [0.9068391]
-0.41380155 [-0.64470536]
0.37665492 [0.55502546]
-0.48350412 [0.05226193]
0.38150564 [0.08310357]
-0.43001452 [-0.84818083]
0.2797364 [1.1427664]
0.20754558 [0.88882846]
-0.340442 [0.12265992]
0.67792875 [-0.79848]
-0.35264787 [0.89740366]
-0.39351368 [0.8815658]
0.17395206 [0.7800623]
-0.46284318 [0.00055759]
-0.27422434 [0.07344335]
-0.049976338 [-0.6178135]
-0.33496344 [-0.74782604]
-0.47448227 [0.2445814]
0.20145205 [-0.94973403]
0.087703764 [0.8538287]
0.17455208 [0.76687324]
0.1402088 [0.90818053]
-0.38558388 [0.4786753]
-0.42538896 [0.27520493]
0.8293333 [0.4687444]
0.5176153 [-1.1721684]
-0.45221263 [-1.2147022]
-0.46655026 [0.15991442]
-0.37704116 [0.9289151]
-0.11052136 [0.37618673]
1.2010098 [0.88522524]
0.66939956 [-0.41488424]
0.07812171 [0.08389074]
0.2701541 [0.53425354]
-0.41850457 [0.13497348]
-0.4958462 [0.82184887]
-0.5114942 [0.18859737]
-0.42639363 [-0.11791314]
-0.21976613 [-0.37437215]
0.16467208 [-1.6183816]
-0.114409395 [-1.5857105]
-0.38094103 [0.34677255]
-0.44708472 [0.17627876]
0.13201752 [0.59510636]
0.019638872 [-0.4109338]
1.6900254 [-0.5526237]
1.3123162 [-1.2692924]
-0.21057765 [0.10365029]
-0.024408894 [-1.2849952]
-0.4471105 [-0.01107718]
-0.03257672 [0.19237994]
-0.43296668 [-0.8078521]
0.49011275 [-1.6556083]
0.15443665 [0.93231356]
-0.35727355 [0.27539384]
0.41709122 [0.8634255]
-0.44564536 [0.06264148]
-0.47560576 [-0.3301083]
-0.44177526 [0.02669913]
-0.27964553 [1.2872713]
0.21470873 [-0.54289454]
-0.12709776 [0.85070735]
-0.3680224 [-0.38454136]
-0.41698658 [-1.5304841]
-0.40398455 [-1.7383937]
-0.074933186 [0.81316555]
0.71401304 [0.46194938]
-0.4376121 [0.9489114]
0.2539277 [-0.2814511]
-0.4132844 [0.8234508]
-0.18825233 [-0.5153767]
-0.41324097 [0.01133775]
-0.48420247 [-0.3600843]
-0.44575104 [-0.3551983]
0.59182143 [-1.2409159]
0.58966255 [-0.74831855]
-0.03149756 [0.3042701]
-0.08657769 [0.01959875]
0.36782447 [0.1408656]
0.12556367 [0.09288145]
0.08690245 [0.8947802]
0.71737814 [0.25443518]
-0.4947651 [-1.0195867]
0.1462178 [0.6903046]
0.29845822 [0.28655675]
0.6253626 [-0.09520611]
-0.3570502 [0.7461245]
0.15198347 [-0.2522268]
-0.3134035 [0.751301]
-0.42869976 [-0.42119554]
0.3621843 [0.19657801]
-0.45584896 [-0.09696937]
1.5668192 [0.6876385]
-0.41811097 [-0.17105316]
0.89810055 [0.688113]
-0.46331924 [-0.06469438]
0.47160846 [0.76199025]
-0.45966354 [0.35392356]
-0.41810828 [0.12744683]
-0.46106026 [-0.38085625]
-0.2797766 [0.24684288]
-0.02165905 [0.02247526]
0.33561966 [-0.86260736]
-0.44560826 [0.7138288]
-0.39332128 [-0.03251003]
0.19230428 [-0.4390604]
-0.40766782 [0.45363268]
0.02872529 [0.181267]
-0.0030408343 [0.8599719]
-0.2703309 [-0.1734406]
1.6277066 [0.5389577]
-0.27287608 [0.88622767]
-0.21711835 [0.18542303]
-0.2550767 [0.2999471]
0.5792091 [-0.5671533]
-0.41102245 [0.30739966]
-0.41092142 [0.29725936]
0.51334375 [0.3501167]
-0.41024098 [-0.33374593]
-0.4718064 [0.8316547]
-0.4886521 [-0.3101327]
-0.4538667 [0.33386374]
1.8986266 [0.7918105]
-0.3858563 [1.1153055]
-0.5128689 [-0.01648979]
0.82154745 [-0.23523349]
0.3894817 [0.01309964]
-0.44196934 [-0.33496442]
0.71318364 [-0.3951617]
-0.25426432 [0.41256094]
-0.4372055 [0.40177983]
-0.4751475 [-0.14543098]
-0.44076374 [0.32555825]
0.8717831 [-1.5475196]
-0.44507924 [1.0969794]
1.6295207 [-0.50696254]
-0.4524317 [0.9124349]
-0.4199818 [-0.0774869]
0.86780405 [0.9429302]
0.6202936 [-0.03101076]
-0.47624728 [0.25004232]
0.7584923 [-1.0998884]
-0.4875035 [-1.6127399]
-0.15088858 [0.94615394]
-0.30166504 [0.12165518]
-0.334666 [-0.49004212]
-0.26430514 [0.8649138]
-0.42803803 [-0.16825813]
-0.102991186 [-0.11205174]
-0.3396221 [-0.7263747]
-0.31262705 [-1.0210412]
0.09143663 [0.4786398]
-0.41343737 [0.24267824]
-0.47761062 [-1.6466082]
0.20521946 [0.5876133]
0.24242367 [-0.7201486]
1.1712388 [0.08372518]
-0.4443649 [0.48674807]
-0.39865974 [0.45023352]
-0.39544803 [0.05026377]
-0.05910451 [0.01469227]
0.75779456 [0.1336552]
-0.36894834 [-0.20099898]
0.141372 [0.22941782]
-0.4256958 [0.3282977]
-0.45799994 [-0.2153238]
-0.29419544 [-1.018078]
0.31370544 [-0.11889715]
0.097851306 [-1.3782841]
-0.41914207 [-0.08936504]
-0.13732107 [0.34376022]
0.55031264 [0.26098683]
-0.420496 [0.47612897]
-0.4832835 [0.14572744]
-0.47309226 [0.8223135]
-0.5071214 [-0.10862543]
-0.46084657 [0.28604597]
-0.49562353 [-0.7788603]
1.5672699 [-0.7080307]
-0.44636485 [-1.5906553]
-0.23617601 [0.30735803]
-0.15032026 [0.30094025]
-0.27138403 [-0.2279057]
0.3480701 [0.8399891]
-0.4085886 [-0.5631535]
0.4949397 [-0.4934261]
0.3184708 [-0.18133621]
-0.45531183 [0.85122985]
0.021917822 [-0.36647806]
-0.3340415 [0.9834381]
0.37790602 [-1.4640331]
0.7224033 [0.6686552]
-0.43737137 [0.33533883]
0.04626589 [0.34282276]
1.699463 [0.56669396]
1.2492737 [-1.5292228]
-0.5153668 [0.05014106]
-0.46887174 [0.29043022]
-0.46500126 [-0.3075906]
-0.19878133 [0.8419107]
0.2450681 [0.42570508]
0.019100193 [-0.51650304]
-0.5034492 [0.31016177]
-0.4788831 [-0.09834702]
-0.44854742 [-0.68927056]
-0.47257072 [0.05159187]
0.19209912 [0.09346128]
-0.41357976 [0.36018422]
-0.43330264 [0.5325804]
-0.37443152 [-0.75838697]
2.1885822 [-0.08294728]
0.4249655 [-0.28621003]
-0.4705061 [0.63172054]
-0.4061456 [0.9593968]
-0.4435806 [0.953047]
0.30049592 [-0.49381337]
0.063958295 [0.64189607]
0.59375936 [0.35438657]
-0.42407447 [-0.42053953]
0.038161207 [-0.20691662]
-0.06905488 [-1.3717033]
-0.43669376 [-1.5524273]
-0.41330293 [-0.00020966]
1.1544273 [0.1957978]
-0.21097277 [0.67768526]
0.47454026 [-0.30498886]
0.15390854 [-0.62544495]
-0.45486942 [-0.01474223]
0.8279964 [0.3746361]
-0.50098354 [0.26172078]
0.49688953 [0.7242696]
-0.286923 [0.62677205]
0.6102149 [0.2954175]
-0.4546832 [-0.64503604]
-0.20410937 [-0.05632214]
-0.48885316 [-0.761665]
-0.23350582 [0.11102993]
-0.4289816 [0.08369201]
-0.16111782 [0.524949]
-0.22306265 [-0.16891891]
-0.42322573 [-0.01881445]
-0.3599828 [-0.04848782]
-0.3339843 [0.36471888]
0.6514793 [0.20251326]
-0.49359432 [-0.24054372]
-0.3485208 [0.01371838]
-0.17196487 [-1.6604105]
0.323271 [-1.6590577]
-0.449333 [-0.08964295]
-0.3816854 [-1.0804313]
-0.4888104 [0.1511892]
0.8457865 [-0.9049538]
-0.19531986 [1.0874885]
0.6819629 [-0.39911994]
0.20838323 [0.84399366]
-0.39509195 [-0.30611303]
-0.4715654 [-0.09245176]
0.115348086 [0.25117335]
1.5712183 [0.8635565]
-0.4089144 [-0.18847398]
-0.3912899 [0.10787483]
-0.16943695 [0.72318447]
-0.44965455 [-1.4142363]
-0.40022784 [0.35831547]
-0.51208043 [0.81064826]
0.1108456 [0.0356149]
-0.4066299 [-0.16621001]
0.6205812 [0.37581995]
-0.47126514 [-0.7716]
0.6770364 [-0.6215819]
-0.47211686 [0.8605116]
-0.3988211 [0.27995786]
0.59347355 [0.8501103]
-0.12211355 [0.05863915]
-0.48136023 [0.8925657]
0.5963159 [-0.40036586]
0.027512617 [0.00957982]
-0.4108178 [-0.8124597]
-0.40107968 [-0.49259335]
-0.45556507 [0.09061985]
-0.42369598 [0.9789905]
-0.4450942 [-1.3855553]
-0.37311602 [-0.72205555]
-0.4174986 [-0.7448812]
-0.44522604 [0.25470203]
-0.46224394 [0.56957126]
1.1659579 [-0.0245313]
0.618449 [0.8570667]
-0.4439528 [-1.086076]
1.4182302 [0.2933526]
0.001488715 [-0.40441734]
-0.009903202 [0.62445515]
0.6994965 [-0.2509338]
0.119341016 [0.30758256]
0.4426566 [0.42116264]
0.28947568 [0.52130854]
-0.4773574 [-0.423347]
-0.2495778 [0.02042755]
-0.48644122 [0.06846221]
-0.49804074 [-0.83228344]
-0.039041396 [0.84784806]
-0.39969933 [0.35654223]
-0.5086391 [-0.9153578]
-0.49847066 [-0.6944665]
-0.5158307 [0.04126678]
-0.3205687 [0.1736003]
-0.07993802 [-0.11123782]
0.8641681 [0.06597662]
-0.34316838 [-0.40355304]
-0.45154625 [0.97903526]
-0.09228203 [-0.25158924]
-0.5195469 [1.1706383]
-0.2815965 [-0.60327166]
-0.2679469 [-0.04539865]
-0.4768379 [-0.59017205]
-0.30901545 [0.13905376]
-0.4468337 [-0.18667386]
-0.49115106 [-0.8459563]
0.4094966 [-0.02708855]
0.1493746 [-0.39310402]
0.333384 [0.8848128]
-0.31317836 [0.03689018]
-0.2792101 [-0.97569317]
1.5242013 [-0.16754971]
-0.42686942 [0.8522691]
-0.10216203 [0.94297254]
0.48828664 [0.8904413]
0.3469242 [-0.43450674]
-0.39284137 [0.9111297]
0.24891283 [0.8152116]
0.03043489 [0.30311203]
-0.31701794 [0.84029543]
-0.4477671 [-0.40542755]
-0.4543109 [0.4971601]
1.0088567 [0.29701096]
-0.4356579 [-0.7369408]
-0.37931922 [0.8199404]
-0.36977684 [0.88511306]
-0.4246714 [-0.21038237]
0.111472175 [-0.15253353]
0.26877904 [0.22253856]
0.60919476 [-0.6660524]
-0.39597628 [-0.03151061]
-0.085919164 [-0.33630607]
1.1573274 [-0.19180721]
-0.24638903 [0.99654824]
-0.49649134 [0.9076321]
0.11682521 [0.79991645]
-0.16501693 [0.14781187]
0.22781849 [0.60407144]
0.32103252 [-0.780126]
-0.4257115 [-0.21225715]
0.3089104 [-0.32495505]
0.24009988 [-0.42103064]
0.41793868 [0.84533435]
0.49889916 [-1.6503305]
0.20982453 [-0.28803268]
-0.32662278 [-0.22435792]
-0.48485354 [0.7865153]
-0.3633092 [-0.07649608]
-0.40338466 [-0.04860002]
-0.4504855 [-0.08928397]
0.5266247 [0.8849383]
-0.4242116 [-0.63603735]
-0.37639076 [-1.5633698]
0.89842993 [0.58429617]
-0.34737357 [-0.2960503]
0.039641675 [0.8168313]
-0.35486147 [-0.08003391]
-0.23935242 [0.78812426]
0.444002 [-0.1606235]
0.63030326 [0.11236241]
0.6657102 [0.45837414]
-0.48720375 [-1.0981127]
0.19860555 [0.1994376]
-0.48650178 [0.57184446]
-0.43082085 [0.14653796]
-0.2816777 [-0.04513917]
-0.0023985424 [0.29389066]
0.0029573261 [0.72415113]
-0.50487834 [-0.8849463]
-0.39892793 [0.7972196]
-0.35989967 [-0.01596523]
0.111058235 [-0.18682525]
-0.1572736 [0.7148086]
0.047928065 [0.2051034]
-0.30527988 [0.01849409]
-0.34774846 [0.2693797]
0.9238631 [-0.0081761]
-0.48506087 [-0.28295052]
0.67706734 [-1.637132]
-0.42704147 [0.17762393]
0.7127037 [0.0264877]
-0.18673217 [-0.02582119]
-0.42693567 [-0.14398058]
1.1904415 [0.5760038]
0.045863554 [-1.0969702]
-0.34674442 [-0.00892533]
0.32147762 [0.80985415]
0.8431155 [-0.38305095]
-0.41930342 [0.8816725]
0.6534108 [-1.604512]
-0.4109022 [0.8215251]
0.05955968 [-0.03285973]
-0.078511156 [0.5009065]
0.48266324 [0.31853265]
1.8669609 [-0.5270547]
-0.48830417 [-1.1521512]
1.684183 [0.9987316]
-0.32511166 [-0.37302002]
-0.4985289 [-0.69408524]
0.43484214 [-0.6208732]
0.49034908 [-0.09059228]
-0.44336024 [0.11113244]
-0.49599183 [0.3502652]
-0.45962244 [0.29592976]
-0.43894306 [-1.7315319]
-0.42634776 [-0.03547021]
0.21024258 [0.92459446]
-0.1885111 [0.08705417]
0.17715502 [-0.04881459]
0.062357467 [0.547875]
-0.41221657 [-0.5839713]
-0.4435971 [0.83182317]
-0.5074755 [-0.09782247]
-0.4441319 [0.10104103]
0.13015972 [-0.05560485]
-0.48558873 [0.03043898]
-0.5048244 [-0.07844415]
-0.2108506 [-0.51784986]
0.7647448 [0.026659]
0.6036265 [-0.4684624]
-0.44082573 [-0.50592285]
0.3170901 [-0.07146853]
-0.37287864 [0.5151859]
0.3868267 [-0.79165703]
-0.46645644 [-1.0668069]
1.6530484 [-0.2604953]
0.76480335 [0.44214]
-0.3897352 [0.03557122]
-0.32491344 [0.8727146]
-0.23373598 [-0.07366584]
-0.40091228 [-0.3431572]
0.29372042 [0.2235635]
1.7755371 [-0.3754383]
1.5736227 [0.07237405]
-0.44006193 [1.1573381]
-0.31516722 [0.85779613]
-0.3671498 [0.8036283]
-0.25468135 [0.7090525]
-0.4049109 [0.19583179]
-0.4894403 [-1.3243761]
1.612035 [-0.3095806]
-0.51451105 [-1.6301494]
2.0243378 [0.5428918]
0.4568566 [-1.5624468]
-0.49891618 [0.86760473]
-0.39675593 [-0.6127639]
0.4842409 [-0.1925466]
-0.31707618 [-0.7088529]
-0.18270908 [0.8588261]
-0.2596346 [-0.78702533]
0.21702634 [-0.1730576]
-0.47659215 [0.13213915]
-0.029605221 [0.8521326]
-0.40409434 [0.654639]
-0.45388344 [0.8305305]
0.43236578 [-0.84682274]
-0.44194743 [0.05665505]
-0.41024137 [-0.25356475]
-0.34559038 [-0.05262528]
-0.37746605 [0.50536025]
-0.47475496 [0.49607086]
-0.4687331 [-0.73609066]
-0.39537716 [0.8055256]
-0.53318006 [0.8918278]
0.21746476 [0.6155289]
1.1255428 [-0.28331566]
-0.42317754 [0.16163263]
0.080891915 [0.82334733]
0.68331474 [0.09138341]
-0.118590474 [0.21521091]
-0.46340582 [0.1493824]
-0.15091255 [0.23214883]
1.2628788 [0.75844383]
-0.37393758 [-0.13102275]
-0.32604983 [-0.7089419]
0.32015723 [-0.41726473]
-0.4481282 [0.3367229]
-0.3079547 [0.72262514]
-0.4038598 [0.37582487]
0.056806486 [0.26491955]
0.5943004 [0.24854743]
1.123884 [-1.2665231]
1.7745364 [1.1378198]
-0.50459343 [0.24061184]
0.5990833 [0.27203467]
-0.21537267 [0.1798024]
0.7359824 [0.7971581]
-0.443456 [0.02385756]
-0.00075982197 [0.06635895]
-0.45962024 [0.41517156]
0.6233365 [-0.20424676]
0.5951494 [0.7670676]
1.9089346 [0.08573958]
0.3617428 [0.85180557]
-0.35863158 [0.5241396]
-0.19160143 [0.8296504]
0.28971383 [0.32937902]
0.3545487 [0.6830392]
-0.43704247 [-0.15339743]
-0.39361626 [-0.3884252]
0.117479354 [1.1994154]
0.35412085 [-0.5872917]
-0.29386026 [-0.02078695]
-0.48636803 [-0.24932505]
-0.35830283 [0.8347253]
-0.43355963 [0.8826255]
-0.26194954 [-1.0491927]
1.019552 [0.33330518]
-0.46112353 [-0.3398544]
1.5786933 [-0.32106042]
-0.4694259 [0.8315843]
-0.4845976 [0.91782427]
-0.20839174 [-0.41069356]
-0.4820551 [-0.8380079]
-0.2621668 [0.151319]
-0.044656035 [0.8560416]
-0.3941356 [0.6771537]
-0.39571851 [-0.18293798]
-0.45706874 [-1.713387]
-0.3978936 [0.7518115]
0.3314486 [0.30276793]
-0.3118961 [0.70390034]
-0.11710589 [-0.40693772]
-0.3119595 [-0.5067293]
-0.2910457 [-0.6424439]
-0.4408653 [0.07985839]
-0.4376862 [0.09865795]
-0.4037781 [0.486124]
-0.5118697 [-0.26916006]
-0.09499682 [-1.5042882]
-0.47366962 [-0.1434021]
-0.47271752 [-0.89062446]
-0.42305097 [0.1530054]
-0.43010485 [0.43138194]
-0.47210267 [0.6122426]
-0.47882548 [-0.18669462]
-0.29096502 [0.4318257]
0.033198394 [-0.03387349]
-0.33136538 [0.05403747]
0.13095975 [0.09151881]
-0.29482317 [-0.45688033]
-0.42760333 [-0.8621892]
0.2269749 [-1.4853876]
0.6822438 [0.92412245]
-0.39582625 [0.29540166]
0.8227748 [0.7450424]
-0.44561186 [-0.5394273]
-0.05487832 [0.699954]
-0.43208584 [0.46749654]
-0.43464795 [-0.2662886]
-0.23196246 [0.4417903]
-0.4458294 [0.30040097]
-0.100020714 [0.1544382]
-0.48597947 [-0.67535406]
-0.4060635 [-0.19432978]
-0.0047061024 [0.75966]
-0.2945502 [0.26298392]
-0.47992784 [-0.7692575]
-0.42494074 [-1.4173813]
-0.3164861 [-0.12894733]
-0.46516323 [-1.5506754]
0.8488887 [-1.0218859]
-0.34531525 [0.19940007]
-0.48517287 [-0.33455494]
-0.4048324 [0.65121573]
0.058055244 [-0.3932386]
-0.44127706 [-1.6084793]
-0.2619775 [1.0572455]
-0.3552093 [-0.3549847]
-0.45473707 [-0.16872972]
0.8915279 [0.74803054]
-0.4183008 [0.12791406]
-0.4625509 [-1.3623809]
-0.31273207 [-0.02242258]
0.54459673 [0.10489349]
0.23050055 [0.05918268]
-0.18119486 [-0.7841242]
0.29817832 [-0.03849919]
-0.38284847 [0.23889855]
0.14199546 [0.29243547]
-0.2879099 [0.06873766]
-0.47623995 [-0.31471747]
-0.501516 [0.07771963]
-0.48015323 [-0.3648192]
0.12431749 [-0.05024834]
1.8470981 [0.07525124]
-0.3235732 [-0.07488475]
0.6699954 [0.8852463]
-0.4825081 [-1.207292]
-0.44137394 [-0.42499176]
-0.46922356 [0.1917982]
0.04139174 [0.7831007]
-0.48836875 [-0.63180184]
0.31748444 [-0.23353411]
-0.37171763 [0.4101185]
-0.41944647 [-0.16518861]
-0.26576808 [0.28657106]
-0.41904065 [0.8315357]
0.707161 [-1.4775907]
0.6628248 [-0.11481824]
-0.23020595 [-0.38478595]
-0.45365173 [-0.19777098]
-0.07126037 [0.64965963]
0.042665496 [-1.4604437]
-0.3140093 [-0.13180923]
-0.39998454 [0.4346068]
-0.2944515 [1.1551659]
0.59181726 [0.7063259]
-0.4913726 [-0.24967952]
-0.062589176 [-1.2553691]
-0.42923394 [-0.08906353]
-0.0626464 [-1.6693637]
-0.3253935 [-0.12295011]
-0.44771245 [0.57989526]
0.44344503 [-1.0269892]
-0.3865227 [0.6266415]
-0.38190797 [-0.5872595]
-0.45691293 [0.71689993]
-0.5027908 [-0.12774016]
-0.44183376 [0.15392703]
1.3161519 [0.16777302]
-0.3160174 [-1.6693696]
-0.4153444 [0.86483985]
-0.453108 [-0.27452287]
0.2872109 [0.992684]
-0.4379826 [0.29425687]
1.1445432 [-0.98062843]
0.5248148 [-1.0144048]
0.37692916 [0.8917181]
-0.4156564 [0.17521463]
1.679662 [0.8328821]
0.44277155 [-1.5944104]
-0.503845 [-0.80960554]
-0.31189108 [0.79722744]
-0.37893543 [-0.10399958]
-0.45026425 [0.3666234]
0.67490023 [-1.4185741]
0.76987696 [-0.5131166]
-0.4569833 [0.00819166]
-0.41529965 [0.5982327]
1.4590976 [0.24061075]
-0.39226776 [0.7900284]
0.52315056 [0.92859405]
1.5501487 [0.6811774]
-0.3921287 [0.36262476]
-0.06274511 [-1.1347965]
-0.45039788 [-1.6564534]
1.5062561 [1.052701]
-0.42045617 [0.75612533]
-0.49218255 [0.2733565]
-0.49067566 [0.4670554]
-0.14555076 [0.3454947]
0.58570987 [0.18117623]
-0.47719 [0.91696024]
-0.51033103 [-0.3186087]
0.34447926 [0.60635173]
0.8232101 [0.94365007]
-0.44974786 [-0.4106806]
-0.012210246 [-0.31780076]
-0.50030375 [0.4530101]
0.72176176 [-0.07724613]
-0.30810612 [0.93523973]
-0.50811356 [0.12412193]
-0.41421768 [0.8770445]
-0.044673562 [-0.87954396]
-0.032204803 [-1.243877]
-0.22214843 [1.0987159]
0.06850872 [0.31201363]
-0.049789216 [0.01999432]
1.3468697 [-0.93787307]
-0.3174351 [0.0527398]
0.39087582 [-0.29453862]
-0.32033274 [-0.8492908]
0.4829233 [-1.195255]
0.43750024 [-0.07748336]
-0.15833731 [1.3709159]
-0.48800263 [-0.5786758]
-0.4383737 [-0.05722451]
0.658493 [0.85912913]
-0.4563003 [-0.19660571]
-0.31276056 [0.89032173]
0.16162893 [-0.03945398]
1.7832237 [-0.11446185]
-0.44887075 [0.9360713]
0.6563274 [-0.28101924]
-0.4361587 [0.8738101]
0.17077617 [0.22754973]
0.317053 [-0.1893395]
-0.30219522 [0.09333571]
-0.5019873 [0.02527862]
-0.3631789 [0.91845244]
0.07239959 [0.5255353]
-0.4849025 [-0.05332864]
-0.43609026 [0.15326665]
-0.48433843 [-0.83967143]
0.14358212 [0.3718785]
-0.40160072 [0.35476178]
-0.42578962 [0.02245711]
-0.4330315 [0.8304282]
-0.21281381 [-0.12586239]
1.5600264 [0.24111536]
1.1105695 [-1.4267983]
0.33843085 [-0.6965157]
-0.45906004 [0.3065718]
-0.40120122 [0.35665047]
-0.40586928 [-0.2121141]
0.33277136 [-1.0649506]
-0.3133611 [-0.10697314]
-0.36689556 [0.3512043]
0.19318731 [0.7623476]
-0.37056193 [-0.66228986]
-0.4396717 [0.2555472]
0.7059581 [0.25693864]
-0.13956599 [0.35721162]
-0.36131236 [1.1479707]
0.51244426 [-0.15320769]
-0.46682864 [0.7363083]
-0.46950245 [0.1759266]
-0.47396255 [0.21329342]
-0.47146282 [0.7515491]
-0.47834042 [-0.13490388]
0.42713517 [0.0014616]
-0.41196346 [0.8471604]
-0.49913266 [-0.8200446]
-0.5021486 [-0.5396241]
-0.48908836 [-0.15687643]
0.18204463 [0.01520905]
0.93050045 [-0.33766842]
-0.38534456 [-0.04249402]
0.49129966 [-0.3601564]
-0.47193462 [0.97752833]
-0.47370544 [0.28648138]
0.57535326 [0.6284829]
2.030987 [0.2956232]
0.049939223 [-0.5737831]
-0.33822027 [-0.40900278]
-0.11213869 [0.24617226]
-0.455338 [0.5900871]
0.50080925 [0.01318973]
-0.39251608 [-0.42865476]
-0.47120443 [-0.41565204]
-0.23862275 [0.03768841]
0.3530123 [-1.1608369]
0.35657662 [-0.02331253]
-0.44455668 [-0.13350847]
1.2070618 [0.10577648]
0.791335 [0.42842776]
-0.3962844 [-0.44421542]
-0.3749046 [0.20709556]
0.62250143 [-0.30554372]
0.8997921 [-0.09463242]
-0.30448356 [-1.6825702]
0.34901524 [-0.6514781]
-0.42973423 [0.669445]
-0.13547486 [0.199714]
-0.3674408 [0.50864744]
0.728902 [-0.8043447]
-0.47913787 [-1.4312835]
0.12248727 [-1.0504107]
-0.44266564 [-0.08046606]
-0.42511266 [-0.18794587]
0.9251147 [-0.2894364]
-0.4788979 [0.8500235]
-0.48178706 [0.77641815]
-0.46522084 [0.9440784]
2.191996 [0.01281491]
-0.4413813 [-1.2771897]
-0.46051037 [-0.12248002]
-0.013138373 [0.6103707]
1.8238962 [0.05834104]
-0.29985854 [0.22851653]
-0.06903529 [-0.80112976]
-0.41744265 [-1.6585634]
-0.4067358 [0.7797994]
-0.42029187 [-0.45077583]
0.7907437 [0.09742608]
-0.2925079 [0.04279076]
-0.40332538 [0.5373675]
-0.43567118 [0.43127465]
-0.1359272 [0.82263863]
-0.31487635 [-1.3697294]
-0.48939276 [0.72851604]
-0.48148754 [-0.2136737]
-0.4480416 [-0.14591718]
-0.40045285 [0.25204337]
0.63522506 [-0.7070079]
-0.4442042 [-1.646296]
0.02972301 [0.8492234]
-0.48125198 [0.3243733]
0.07389243 [-0.57743317]
0.5388295 [-1.0336542]
1.4767936 [-0.53590786]
-0.38407198 [-0.08605434]
0.2408963 [0.48853344]
-0.061026745 [0.6618102]
-0.47114053 [0.66399634]
-0.06766281 [0.02357802]
0.5473283 [0.11995485]
1.73459 [0.6007936]
-0.40084398 [-0.62556934]
-0.45038435 [-1.6224589]
-0.39418393 [0.85757065]
-0.34444577 [-0.6457893]
0.6276351 [0.32175395]
-0.4161827 [-0.19490744]
-0.3603475 [-0.65114814]
0.15004705 [0.07583845]
-0.422985 [-0.20224983]
-0.49207467 [-1.5332569]
-0.48672062 [0.40774402]
-0.4557397 [0.02369008]
-0.180134 [-0.19667274]
-0.34541655 [-1.249795]
0.41250032 [0.18318981]
-0.437829 [0.29180992]
-0.26246876 [-0.15872717]
-0.4553344 [0.88430196]
0.16510019 [-0.09624307]
-0.46425483 [0.17543194]
0.31381756 [1.002123]
0.093294434 [-1.5008718]
0.9417643 [0.6852698]
-0.47949302 [-0.17461406]
-0.4452392 [-0.12012792]
1.0173942 [-0.01566876]
-0.4546524 [0.33986983]
-0.4144259 [-1.4958338]
-0.408693 [-0.6871223]
-0.34390578 [0.84835905]
0.11535221 [0.03674509]
0.11869151 [-0.12195519]
-0.16180445 [0.8873699]
-0.27866882 [0.6226269]
-0.43247828 [0.50471354]
-0.14498991 [0.00857126]
0.2556381 [0.14693421]
-0.4882164 [-0.1654298]
0.1883513 [0.48472098]
-0.46863386 [0.42218527]
1.2717979 [0.5881107]
-0.41876397 [0.8292939]
-0.5102676 [0.22798283]
0.35145658 [0.75674117]
-0.4638088 [0.9567469]
-0.1206372 [0.8836498]
-0.39087787 [0.6251267]
-0.0051813778 [-0.07277466]
1.4631573 [-1.534071]
-0.30615 [-0.66355175]
-0.06328972 [0.5545469]
-0.42863443 [0.3020542]
0.5971033 [0.13487235]
0.0064600334 [0.7520692]
1.541969 [0.3147034]
-0.48540047 [0.3752131]
0.7098235 [-0.38177294]
-0.3025241 [0.16828707]
-0.40102348 [-0.01185794]
-0.44103488 [0.41777864]
-0.4615055 [0.4751866]
-0.49535406 [-0.1217682]
0.454489 [0.78237426]
0.6534335 [0.03159291]
-0.4586505 [0.41718093]
-0.34074587 [0.79176164]
-0.35433954 [0.09979919]
-0.11343023 [-0.00744858]
-0.42094177 [0.8538577]
1.7042204 [0.3075449]
-0.39082092 [0.8349915]
-0.3906325 [0.860668]
-0.4476274 [0.21727009]
-0.39323002 [0.8736867]
-0.17541371 [0.87661946]
0.38555554 [0.7698759]
-0.37714285 [0.33443892]
2.05764 [-0.19026944]
-0.438475 [0.162167]
0.51852846 [0.92645955]
-0.45162654 [-1.1954489]
-0.42099458 [-1.1724076]
0.5118566 [-0.00322703]
-0.42672998 [0.06371134]
1.2744099 [-0.4808188]
-0.059247296 [0.25174403]
-0.38216764 [-0.34936503]
0.12622839 [0.7687946]
-0.4881454 [-0.88504773]
-0.41922534 [0.8351138]
0.029716564 [-0.09764665]
-0.44684196 [0.4224962]
-0.45136377 [-1.3287845]
-0.41922364 [0.8528774]
-0.4160997 [0.2565319]
0.17456497 [0.02342869]
0.84796906 [0.8331715]
-0.5063253 [0.5577499]
-0.1010571 [-0.37674937]
-0.45073318 [0.9062991]
0.43895236 [-0.5775234]
-0.42590752 [0.8227896]
-0.32132143 [0.1946025]
-0.4924649 [-0.6970512]
-0.37506428 [-0.3876555]
-0.41083172 [0.86093444]
-0.40890586 [0.23214431]
-0.47667873 [0.6584456]
0.0846418 [-1.325762]
-0.44296256 [-1.6568084]
0.88920975 [-1.6802855]
-0.44124597 [-0.15106976]
-0.48096576 [-0.43627983]
-0.39077067 [-1.6819884]
1.5985566 [-0.51482445]
-0.4257257 [-0.72989815]
0.6059575 [0.17263979]
-0.3757585 [0.22280282]
-0.494528 [-0.67176795]
-0.35321385 [0.85576016]
-0.445063 [0.66865194]
-0.38062274 [0.74400586]
-0.17744678 [0.6680167]
-0.41189632 [-0.3091872]
-0.008012925 [1.0701326]
0.0017423326 [0.3795429]
0.31487042 [-0.04576759]
-0.4186834 [0.594915]
-0.4130148 [0.34082064]
0.2834881 [-0.5284187]
-0.4987976 [0.23644203]
-0.48138085 [0.01166971]
1.342354 [0.7092638]
-0.37021682 [-1.0415303]
-0.3971584 [-0.49622756]
-0.4560995 [-0.26564175]
2.1103015 [0.35596788]
-0.35508996 [-0.1825831]
-0.47119632 [0.63776076]
-0.122513816 [0.14319408]
-0.46820253 [-0.43030623]
-0.38592526 [-0.29034615]
-0.46589264 [0.33457187]
-0.22556764 [-0.970965]
-0.32786536 [0.8909676]
-0.35728773 [0.06657884]
-0.13922036 [-1.0993491]
0.20152912 [0.86327887]
-0.43459895 [-0.4278676]
-0.3722844 [0.8412515]
-0.37857857 [-0.10290243]
-0.40468174 [-0.3215832]
0.14804852 [-1.1000273]
-0.3703713 [0.5541958]
-0.18578549 [0.6433257]
-0.39188835 [-0.49109668]
-0.4184204 [0.8243994]
-0.38866106 [-0.25652534]
-0.41448444 [0.32544932]
-0.3812604 [-0.21531998]
-0.33498096 [-0.0603287]
0.374601 [-1.3384426]
0.22086592 [-0.66423213]
0.068173915 [-1.3936454]
0.81196773 [0.8097362]
-0.006660556 [-0.6734353]
2.1417794 [-0.3632278]
-0.46911636 [0.12341134]
-0.5008674 [0.7509737]
-0.5049056 [-0.36610296]
-0.46990684 [-0.93443954]
-0.40396574 [0.1933608]
-0.39298376 [-0.20932522]
-0.48418444 [-1.5331105]
0.63897675 [-0.09528337]
-0.52467847 [-0.38875225]
1.6590707 [0.16416052]
-0.4163046 [-0.08937664]
-0.46141785 [-0.17778881]
0.2614754 [1.0225086]
0.18923923 [-0.68290734]
-0.35623357 [-1.179461]
-0.48384085 [0.8331401]
0.40392554 [0.10458105]
-0.32226568 [-0.732398]
-0.3803789 [-0.7570296]
-0.30618003 [0.23840728]
0.070050016 [0.3437201]
0.5572773 [-0.7000457]
-0.43699828 [0.17123073]
-0.48412284 [-0.07501524]
-0.3068414 [-0.14523402]
-0.43839097 [-0.14999144]
0.29002362 [0.22055855]
-0.39065418 [0.9769452]
-0.51228034 [1.0811402]
-0.2709148 [-0.3584443]
-0.4420241 [0.10366189]
1.6542102 [-0.67127377]
-0.49441072 [0.07677726]
-0.39664665 [-0.6894066]
1.4941424 [0.8641596]
-0.4504435 [-0.3542996]
-0.48631752 [-0.5883179]
-0.4142758 [0.28810802]
-0.45852974 [0.22648942]
-0.055139415 [0.2130173]
0.21571314 [0.4061634]
0.9749805 [0.5848984]
0.12852049 [-0.7218449]
-0.0055087092 [0.26254]
0.010230534 [-0.9299345]
-0.44110397 [0.03556344]
-0.242809 [0.01364208]
-0.50128764 [0.45428443]
0.48756987 [-0.8471028]
0.27528185 [-0.9573574]
-0.27610263 [0.5094827]
-0.421678 [-0.79796803]
-0.3071396 [-0.24913423]
-0.18611024 [0.10611035]
0.59254646 [1.0392815]
1.4592855 [-1.5771322]
-0.4414291 [-0.7304335]
-0.3062103 [-0.21628828]
-0.5055012 [0.79779667]
-0.454464 [0.5912883]
1.6410376 [0.3870971]
-0.41413867 [0.7821439]
-0.44763348 [0.89220047]
-0.35288137 [0.28672573]
0.6985509 [-0.56732386]
1.5405798 [0.26459524]
-0.4310876 [-0.43917325]
0.63247883 [0.28642133]
-0.47534093 [-0.10789517]
-0.4801045 [-0.58173674]
-0.31738368 [0.04993263]
-0.3951627 [0.87083584]
0.29488593 [-0.2673841]
-0.0788573 [-0.6971272]
-0.42592442 [0.36596087]
-0.34016493 [0.8445541]
-0.2380217 [0.7227398]
0.10064445 [0.38242853]
-0.39449683 [-0.45348552]
-0.4104009 [0.5964716]
-0.4666611 [0.0306601]
0.32847017 [1.0129302]
0.07636597 [0.18055148]
-0.19835761 [0.8695984]
-0.4427258 [0.65504605]
-0.44822356 [-0.13894716]
0.20544575 [-0.41209385]
-0.043128658 [-0.08340154]
-0.1968872 [0.04617517]
-0.40703362 [0.07334889]
-0.25875288 [0.7686035]
-0.5161253 [-0.14147492]
-0.36849472 [-0.18224826]
-0.026123649 [0.82814133]
0.7540738 [0.03921498]
-0.49140584 [-0.42578903]
-0.520636 [0.33993194]
0.8872664 [1.0015887]
0.57126135 [1.042311]
-0.45882717 [-0.206516]
0.28266615 [-0.35131747]
-0.44253275 [1.2226309]
-0.4934505 [-0.51126134]
-0.5100118 [0.29682258]
-0.4135617 [0.64513206]
1.7005664 [0.8126968]
-0.4671119 [-0.2355821]
0.5946094 [0.5107356]
-0.3737524 [-0.00539254]
-0.4011883 [0.24134222]
-0.405864 [0.80861723]
-0.4338912 [0.36329347]
0.47544312 [-0.63531655]
-0.49380335 [-0.17686173]
-0.42592582 [0.25272626]
0.31142366 [0.16033727]
-0.39950487 [-0.10244585]
-0.38606545 [0.15647063]
-0.13940439 [-0.86127865]
-0.31753007 [-0.5901177]
-0.15902393 [-0.8742099]
-0.4094233 [0.84801453]
-0.40267137 [0.1030927]
-0.115222566 [0.22785944]
-0.2449217 [0.14162657]
-0.22091721 [-0.72399473]
0.28381208 [-1.6205328]
0.13097572 [0.8413552]
0.66019094 [0.19086908]
-0.43255532 [0.8416708]
-0.3596186 [0.29219976]
-0.4759055 [-0.20305364]
0.23101732 [0.18797864]
0.0070376317 [1.1080861]
-0.36877862 [-0.0959051]
-0.4177603 [0.2901837]
0.10697175 [-0.0005827]
0.34651414 [-0.7963998]
0.58353144 [0.18783641]
0.51851815 [0.97169286]
0.64245576 [0.8598561]
-0.4543934 [0.68583894]
-0.30224314 [0.21745968]
0.13727236 [-0.22799347]
0.0705972 [-0.89010596]
-0.4388942 [-0.29571834]
1.3366777 [0.8641396]
1.8718642 [-0.06729094]
-0.42902222 [-0.27488554]
-0.36370766 [-1.0348728]
0.047465418 [0.27412552]
0.8796888 [0.18404265]
-0.3449223 [0.92623705]
-0.47188953 [-1.1042377]
-0.49536693 [-0.7160173]
-0.21117741 [0.7918607]
0.49647045 [-0.00600582]
-0.5247102 [1.0966321]
1.0216855 [-0.07370023]
-0.39349318 [-0.052331]
-0.24575447 [0.22944292]
-0.45225695 [0.2852117]
-0.1674513 [0.84195685]
-0.13551378 [-0.03655617]
0.87402004 [0.7119315]
-0.44775346 [0.0019639]
-0.42819202 [-0.70895433]
-0.4587308 [1.3078319]
-0.3953595 [-0.00191531]
0.18023916 [0.08150098]
-0.42743543 [-0.14238016]
0.4133496 [-0.18295641]
-0.1546315 [0.35180926]
-0.10370513 [0.44783214]
-0.3469568 [-0.11646152]
-0.086288504 [0.22425158]
0.552905 [0.04084133]
-0.4629625 [0.5986053]
-0.47915408 [0.8533936]
0.67735887 [-0.39891422]
0.3355712 [0.47593063]
-0.48906115 [-0.18977301]
0.554503 [0.1899723]
-0.027310032 [0.6167767]
-0.48293787 [-0.0928708]
-0.12491236 [0.05699615]
-0.37629128 [-1.1439911]
-0.43232864 [0.84027773]
-0.47494233 [-0.21486244]
1.3054143 [-1.1096861]
-0.43257478 [0.07786459]
1.0020292 [0.20940998]
-0.407632 [-0.08238287]
-0.26328397 [-0.6850678]
0.54413307 [0.32644942]
-0.33711377 [-0.42059618]
-0.4815324 [0.07729758]
-0.2663872 [0.7482907]
-0.20577592 [0.76535845]
-0.4406617 [-0.48194492]
-0.42479357 [0.09234038]
0.8698928 [-0.8753907]
1.8597764 [-0.38449413]
-0.3679371 [-0.02392417]
-0.36148775 [0.35549694]
-0.36598584 [-0.05164742]
-0.37017518 [0.34012452]
1.7943066 [0.87843674]
-0.458617 [0.21188642]
-0.48650333 [-0.41303977]
-0.33948076 [-0.3142965]
-0.47657797 [-0.25067416]
0.5409515 [0.60314435]
0.35726634 [-0.53066885]
0.09996788 [-1.3135401]
-0.48090956 [-0.301375]
-0.400075 [0.8099202]
-0.4501788 [0.00595108]
0.06641432 [0.5848419]
-0.4902884 [-0.21739635]
0.26795116 [-0.61325204]
-0.48970526 [-0.48358765]
-0.36645108 [-0.4713321]
-0.05421309 [-1.0001776]
-0.31886762 [0.04319984]
-0.29332802 [-0.31325683]
-0.17205612 [0.82845443]
-0.11722625 [-0.26782897]
0.24220021 [-0.6378424]
-0.39573386 [0.16607283]
-0.4220057 [-0.48808858]
-0.1475003 [0.09572275]
-0.24817182 [-0.04525287]
-0.4273983 [-0.4916563]
-0.11898147 [1.2162186]
-0.42889553 [0.1792612]
-0.41230962 [0.14276412]
0.3418222 [-1.4389898]
-0.36171558 [0.16755709]
-0.38816452 [0.53416646]
-0.34769213 [-1.1106431]
-0.23157044 [-1.1882071]
-0.42740476 [0.81542265]
-0.48087028 [0.06600105]
-0.4998314 [-0.41914496]
0.5013505 [0.8381937]
-0.4083253 [0.16910768]
-0.11037832 [-0.18188737]
-0.3603801 [0.12927984]
-0.41594893 [-1.4366452]
-0.45365018 [0.18004003]
-0.5120294 [0.14309949]
-0.26378477 [0.16792999]
-0.46024913 [1.0146999]
0.41465557 [-0.4256865]
-0.0046921843 [0.6863246]
0.9101015 [-1.1149713]
-0.31925797 [0.73253417]
-0.42903614 [-0.8440561]
-0.0008433302 [0.8208844]
-0.44276446 [0.74119127]
-0.4257761 [0.00592133]
-0.3238933 [0.01643314]
-0.22566687 [-0.17208028]
-0.37108487 [0.28185308]
-0.43509653 [-0.5389083]
0.42772847 [-0.1195818]
-0.44647297 [-1.6259881]
0.6406273 [-0.12243061]
-0.42368606 [-0.8268185]
0.82996887 [-1.5355864]
1.5286058 [0.19838534]
-0.36641693 [-0.8969085]
-0.44635263 [0.06768159]
-0.4570391 [0.8335214]
0.26135916 [0.39276892]
1.2000816 [0.26681057]
-0.5048688 [0.18154381]
-0.48884544 [0.8167977]
1.4582205 [0.8464323]
-0.42195907 [-0.22977993]
-0.19878262 [0.1801132]
0.5858331 [-0.09264231]
-0.5196735 [0.34804484]
0.015762439 [-0.77009314]
-0.31425184 [0.40812045]
0.42801636 [-0.65559447]
-0.40863022 [-0.0818231]
0.045890875 [0.3857096]
0.16247226 [-0.59874725]
1.4445983 [-1.5994554]
-0.36989373 [-1.1019453]
-0.37566882 [-1.2631133]
-0.4373238 [0.01339365]
0.5799148 [-0.21070136]
-0.38728392 [-0.08076172]
0.05500178 [0.13825047]
-0.4714765 [-0.41110045]
-0.4792399 [0.786803]
-0.45973867 [0.665524]
1.9681673 [0.1837287]
0.35436338 [-1.1237012]
0.61098117 [-1.6215076]
-0.3892732 [-0.36931962]
-0.476346 [-0.18814693]
0.6112247 [-0.33314428]
-0.37650815 [0.09781523]
-0.14402029 [-0.33825725]
0.1076844 [0.3413852]
-0.43274388 [-0.1975751]
0.74138856 [0.26911545]
-0.3853576 [0.01420908]
0.7227925 [0.5372892]
-0.50429124 [-0.4315983]
0.29538232 [-0.20151643]
-0.011155826 [0.26518273]
-0.144427 [0.08092701]
-0.2857968 [-0.14637499]
-0.32844657 [0.13236478]
-0.47788277 [-0.9548247]
-0.49840686 [0.873034]
-0.47961095 [0.19343]
-0.4308433 [0.57089037]
-0.42140892 [-0.43584058]
-0.37658083 [-1.0524412]
-0.23571621 [0.8378631]
0.6134021 [-0.2779967]
1.03511 [0.24399829]
-0.44321242 [-0.63688123]
-0.4853975 [0.7813751]
-0.35604024 [0.16094236]
-0.44840798 [0.12010036]
1.3079206 [0.0451692]
-0.372899 [-0.7332748]
0.2295464 [0.85274166]
-0.40538886 [-0.43056858]
0.6017032 [-0.90844864]
0.14872845 [0.2005495]
0.475764 [-0.6875817]
1.6969799 [0.08783643]
-0.0070090224 [-0.37885836]
-0.007323725 [0.02643324]
-0.44469327 [-0.17199989]
0.46645543 [-0.0733115]
0.20023887 [0.03484452]
0.9345254 [-0.3867635]
0.26767692 [-1.6373951]
-0.4363855 [-0.53846073]
0.17532738 [-0.30017287]
-0.256093 [0.6790775]
-0.41349858 [-0.25120854]
-0.41327536 [-0.32864085]
0.20997453 [-0.2970691]
-0.34681633 [-0.3169029]
0.28240505 [-0.5459353]
0.5470533 [-0.42977417]
-0.41335732 [-0.13381122]
0.5246166 [-0.19768594]
0.2273275 [-0.4394521]
-0.3655978 [-0.15042467]
-0.44568932 [-1.3568096]
0.53554714 [0.565715]
-0.4395717 [0.8788675]
-0.071365274 [0.6273579]
-0.5003956 [-0.01422518]
-0.49467877 [-0.8730021]
0.25438982 [0.45839134]
-0.33110517 [0.21931903]
-0.31974548 [0.03296743]
0.66657394 [0.22785467]
1.2789304 [-0.02346186]
1.2970501 [0.39721963]
0.074074395 [0.8383553]
0.64623195 [-0.19193688]
-0.2799226 [0.3904344]
-0.4073696 [0.9117633]
0.38702336 [0.06421515]
-0.45130023 [-0.42899996]
-0.4466636 [0.42221993]
-0.50886244 [-0.2055249]
0.46292102 [0.431188]
-0.45426476 [-0.42279252]
-0.4583268 [-1.6099446]
0.89220524 [-0.5781334]
-0.32738096 [-0.66703594]
-0.36831558 [-1.6237969]
0.38118705 [1.0470588]
-0.47528177 [0.82180464]
0.4499762 [-0.30780396]
0.49679598 [-0.3513244]
-0.028310843 [0.7866097]
-0.20278457 [0.90946555]
-0.482372 [0.35224536]
0.09295164 [0.39868313]
0.6971743 [-0.6287261]
0.5509998 [-1.5515146]
-0.44321874 [0.7321348]
-0.40034473 [0.71056247]
-0.33535057 [-0.553637]
0.61375266 [-0.19835491]
-0.15169711 [0.81401944]
-0.48672178 [0.8806308]
1.7066877 [0.3296381]
-0.45713344 [0.18502541]
-0.15568696 [0.76131135]
-0.38790715 [-0.60090405]
0.12082406 [0.34685513]
-0.49202558 [0.8212488]
-0.389064 [0.17508866]
-0.42126548 [-0.766221]
-0.46230605 [0.49631423]
-0.5131499 [-0.19865999]
-0.3850055 [-1.1350945]
-0.4961748 [-0.04147835]
-0.4884181 [-0.21852559]
-0.44419855 [-0.54330635]
-0.43948638 [0.08474793]
-0.16142789 [0.5483336]
-0.5080108 [1.0063816]
-0.4704316 [0.8163358]
0.13714477 [0.01201928]
-0.4253583 [-0.89634126]
-0.3339254 [-0.7810527]
-0.45422754 [-0.7581507]
0.078717865 [-1.5406367]
0.055096373 [-0.75668794]
-0.28304684 [0.35308152]
-0.08176978 [-0.83484405]
-0.4798469 [0.80745894]
-0.41658488 [1.2052616]
-0.38988802 [-0.00215814]
-0.47538462 [0.5326474]
-0.40064898 [0.78830856]
-0.23653892 [0.49295986]
1.5332696 [0.12254909]
0.3019854 [-1.1276411]
0.20853995 [0.53991604]
-0.4545456 [-0.27978984]
-0.44431683 [-0.73028636]
-0.39342952 [0.01014478]
0.4383696 [0.18977737]
-0.47278196 [0.7474237]
0.6620227 [-0.16149148]
-0.42006326 [-0.00746973]
-0.27923006 [-0.46022597]
-0.1604879 [0.19653201]
-0.48415816 [-0.34203655]
-0.45780292 [-0.20946826]
0.11380963 [-0.5509273]
0.18942325 [-0.18567923]
-0.43118635 [-0.54288936]
1.43924 [-1.6196285]
-0.41373762 [0.8343775]
1.2293737 [-0.05180808]
0.545679 [0.28611967]
-0.45036566 [0.20723957]
0.4156463 [0.18847862]
-0.124700494 [-0.90717566]
-0.42918524 [0.0246203]
-0.4801348 [0.5477931]
-0.369557 [-0.69395083]
-0.030759387 [-0.12860076]
-0.44131044 [-1.2485404]
-0.3692405 [-0.36895654]
-0.19567478 [-1.6675996]
-0.11468801 [-0.48320723]
1.8078165 [-0.7929181]
0.4885284 [0.10907136]
0.638818 [0.20735067]
-0.51100683 [-0.568783]
1.6246383 [0.85332346]
-0.47855303 [0.06616567]
-0.37709978 [0.38882393]
1.1158228 [-0.10079138]
-0.51736945 [-1.0831932]
0.71128434 [-0.62667525]
0.18918613 [-0.0791527]
0.015119375 [0.20464054]
0.14564793 [-0.13266385]
-0.10665421 [0.18842402]
-0.12973136 [0.1217757]
1.7763431 [-1.5777392]
0.72202134 [-0.4919218]
-0.16497235 [0.7033222]
-0.42021465 [0.23160571]
-0.39437428 [-1.7293922]
1.0743468 [0.50635594]
-0.44993767 [-0.19939938]
-0.49285164 [-0.32363024]
-0.4452348 [-0.03878829]
-0.45089775 [0.83200634]
-0.38483462 [0.17367305]
-0.019655367 [0.9961647]
0.6358447 [-0.01307917]
-0.10442835 [1.0285114]
-0.1650891 [-0.14305882]
-0.033644546 [0.32809106]
-0.4341246 [0.23762707]
-0.3493882 [-0.14102435]
-0.32702538 [-0.3755423]
0.2958102 [0.8527709]
-0.3540359 [-0.41764718]
-0.46863875 [0.8440272]
-0.38778356 [-0.23576856]
-0.319733 [-0.04553801]
0.7630855 [-0.0226452]
-0.3661311 [-1.2784257]
-0.41310847 [0.8578466]
-0.5300078 [-0.7916927]
0.557166 [-0.65416586]
-0.34157014 [-0.6840017]
0.1662278 [0.26775882]
2.5718627 [0.84457815]
-0.49134552 [-0.16400574]
-0.42887363 [0.7420725]
-0.3764093 [1.3697895]
0.28970608 [-1.1507503]
-0.40470546 [-0.51363885]
-0.40245962 [0.30648935]
-0.5280822 [-0.89417607]
-0.26926643 [-0.5079108]
1.7764189 [0.5611738]
-0.011843738 [-0.4189753]
0.69903904 [0.23345113]
-0.4138147 [0.28892905]
-0.4888104 [0.02191631]
-0.51045626 [-0.21132515]
-0.4002803 [0.2224837]
0.11967144 [-0.70973235]
0.6161731 [-0.11079325]
-0.18699713 [-0.8599461]
0.57414395 [1.1443825]
-0.406592 [0.15482572]
-0.03835632 [0.47377577]
-0.515753 [0.2965242]
-0.36659014 [-0.69956565]
0.62768716 [0.31703952]
-0.4224926 [0.21683016]
0.087887794 [-0.6564832]
0.79475445 [0.63232934]
-0.5104681 [-0.6037724]
-0.4732406 [-0.08124655]
-0.44847307 [0.35765114]
-0.49188936 [0.44468388]
-0.41619867 [-0.4891628]
-0.47325477 [0.86071193]
-0.13029039 [0.9770326]
-0.48087373 [0.45022818]
-0.44590762 [-0.35928416]
-0.45081297 [-0.18565479]
-0.37257645 [0.89565676]
-0.47476822 [-0.6646829]
-0.44113323 [-0.400056]
0.2325001 [-0.7910411]
-0.37199742 [-1.0570979]
-0.41673553 [0.19506687]
-0.44426015 [-0.650038]
-0.45965028 [-1.5935339]
-0.39886683 [-1.6025267]
1.7220197 [0.37706506]
1.8630221 [0.29107037]
-0.40085196 [-1.3968884]
-0.39498436 [0.06969108]
-0.44912204 [0.08791327]
-0.5079888 [0.771727]
1.0016453 [0.3442688]
-0.52649504 [0.04458117]
1.2756025 [0.18104807]
-0.38188657 [0.2859406]
-0.27805257 [-0.09935176]
-0.17104706 [0.11534866]
-0.39199415 [0.8504292]
0.17625421 [0.39957187]
-0.42637095 [-0.07220493]
-0.2598336 [-0.37201965]
0.5707817 [-0.661636]
-0.49120697 [0.8339806]
-0.42500532 [-0.769612]
-0.36465785 [-0.00522028]
-0.434346 [0.852155]
2.0499966 [-0.18717577]
0.71943647 [-1.4658005]
0.0024619468 [-0.9616932]
-0.17686816 [-0.96587414]
0.119774796 [-0.1716697]
0.35469562 [0.06237982]
-0.054246083 [0.2817106]
-0.42894024 [0.378605]
1.1455048 [0.07949899]
-0.4050199 [-0.8142687]
1.5275261 [0.06079224]
-0.44958636 [0.25356364]
0.1870706 [0.762035]
0.18399289 [-0.6127128]
-0.46528026 [-0.56615055]
-0.14750391 [-0.294683]
-0.43132204 [0.5658182]
0.8131492 [-0.49375263]
-0.33453083 [-0.43347114]
1.5624952 [1.4520501]
-0.4606065 [-0.40166545]
0.07408393 [-1.5717647]
-0.35596704 [0.6594751]
-0.46305543 [0.8365792]
1.2198813 [-0.5064938]
-0.2712487 [0.05564307]
0.023669176 [0.03177391]
-0.41071522 [-0.3086247]
-0.43128362 [0.18958205]
-0.4233055 [-0.2178386]
0.21089183 [-0.0721794]
0.64269185 [-1.3708997]
-0.15867366 [0.23157717]
-0.44202513 [0.24390289]
-0.36309657 [-0.41861016]
-0.49523973 [1.0161357]
-0.4643315 [-0.76847655]
1.6959605 [0.8672419]
-0.41868007 [-0.00821882]
1.6995023 [-0.01728201]
0.72742516 [-0.18367492]
-0.3956411 [0.07027351]
0.14266174 [-0.45961323]
-0.39338532 [0.3677502]
-0.5081522 [0.46634316]
-0.47008276 [-0.48467946]
-0.4190136 [0.21310534]
0.5716957 [0.22950776]
-0.33716738 [0.67551607]
0.98952866 [0.8366447]
-0.46019694 [0.50759834]
-0.39183784 [0.5587728]
0.14937074 [0.0996066]
0.41658658 [0.21528871]
0.96536976 [-0.0172857]
0.33701867 [-0.6376266]
1.7430687 [-0.24171485]
-0.44337738 [1.5349609]
-0.44929874 [0.3638864]
-0.42355204 [0.47688133]
-0.3950939 [-0.26251382]
-0.42357665 [-0.01314305]
0.2124223 [-0.40241468]
-0.4518906 [0.9621586]
-0.46148553 [-1.0207952]
-0.09590587 [-0.19322336]
-0.40651712 [0.72343016]
-0.39595383 [0.9019383]
-0.42960638 [0.01646276]
-0.45507395 [-0.39100826]
-0.41629943 [-1.1582335]
-0.42730036 [-1.3617883]
0.52866006 [-0.8159809]
-0.38012594 [0.9015357]
0.7655874 [0.90468735]
-0.20455578 [-0.829811]
-0.49640086 [0.05419976]
-0.45399645 [0.9254833]
-0.51345575 [0.05716199]
1.9492856 [-0.8869202]
-0.24167958 [0.0037606]
-0.48421973 [-0.16751778]
1.2863327 [0.8040539]
0.691704 [0.40324238]
2.0389364 [0.66834265]
-0.42005655 [-0.9983971]
0.13681203 [1.0840683]
0.10240147 [0.12701114]
-0.37417096 [-1.2500445]
-0.2951844 [1.2321166]
-0.50558805 [-0.50371534]
-0.44155 [0.27840945]
-0.36537784 [0.08593941]
-0.0665767 [0.7476863]
-0.43011388 [0.52454484]
-0.35862836 [-0.24197406]
-0.077988714 [0.5894986]
-0.3912471 [-0.59754115]
-0.15055275 [-0.13821349]
0.6055969 [0.0196513]
-0.48162466 [0.58769816]
0.44669646 [-0.23372713]
-0.3815189 [0.42313036]
0.49424744 [-0.15953372]
-0.40424913 [0.05954698]
-0.47896206 [-0.6978576]
0.31318223 [0.18713836]
-0.456274 [0.90985537]
1.4032463 [-0.04979395]
-0.43856573 [-0.31214532]
0.070606485 [-0.37493643]
0.25343594 [0.86710703]
-0.46748587 [0.19081597]
-0.43019196 [-0.18873277]
0.24985127 [-0.4734505]
-0.4126207 [0.8878162]
-0.11898482 [0.92458844]
1.0739622 [0.83139235]
1.9196819 [0.91231227]
-0.43620738 [0.65495485]
-0.43270147 [0.52572554]
0.2037542 [0.08693842]
-0.4061608 [-0.26874432]
-0.3279583 [-0.14160596]
0.016762992 [0.55666095]
1.5039253 [0.51388127]
-0.43575352 [-0.553944]
-0.44679955 [0.8428755]
-0.3592976 [1.0076873]
0.020778606 [0.5338175]
-0.42798415 [0.11964173]
0.18680228 [0.46434623]
-0.45006308 [-0.36543113]
-0.2818915 [-0.29934216]
-0.3265773 [0.31001982]
-0.3584518 [-1.548222]
1.7130872 [0.24790521]
0.66714483 [0.08896238]
0.83434325 [0.6682758]
0.101192154 [-0.34563103]
-0.39539558 [-0.28036228]
0.64176375 [0.3215092]
0.36708552 [0.7126577]
-0.38467702 [0.48379853]
1.6244102 [-0.4921522]
-0.45779055 [0.13068205]
-0.42785606 [-0.38773674]
-0.402514 [-1.2636324]
0.05539535 [0.12702246]
-0.42138854 [0.66145647]
-0.5319479 [-0.17021261]
-0.33621827 [-0.01125353]
0.46480975 [0.28121182]
-0.5087142 [0.06431083]
0.7861879 [-0.09027602]
-0.41756535 [-0.65259063]
-0.48887777 [1.1746777]
0.26759908 [0.6331076]
-0.40713492 [0.09857196]
-0.43939385 [-0.19291897]
0.5627358 [0.389809]
-0.18749818 [-0.7741211]
-0.4813636 [0.1387738]
0.6437929 [-0.15775137]
-0.42478403 [0.41314992]
-0.21726784 [-0.68072116]
1.5849717 [-0.29997563]
-0.28434598 [0.09351575]
-0.43120065 [0.40623915]
-0.39565152 [-0.15146136]
0.6543809 [0.27237222]
-0.4905178 [-0.19135895]
-0.49552545 [0.2033856]
-0.4762795 [0.2927239]
0.09061882 [-0.15380117]
-0.47669858 [0.05184903]
-0.49368787 [0.23589249]
-0.364447 [-0.6237427]
-0.41158575 [0.83521205]
-0.44540682 [-1.1244216]
-0.456766 [0.85118836]
-0.43964052 [-0.59767836]
0.22044992 [-1.4521923]
-0.4312058 [-0.6050835]
-0.4315776 [0.155215]
-0.43673113 [0.8040465]
-0.14549842 [-0.6109445]
1.5944096 [-0.13539922]
-0.3856278 [-0.11785841]
0.31460857 [-0.3897566]
-0.35850582 [0.42717502]
-0.34308937 [0.01855415]
0.7052689 [0.82359326]
-0.48111293 [0.43639475]
-0.49538612 [0.642816]
-0.47520187 [0.9710213]
-0.5013552 [0.2712464]
-0.40429115 [-0.354043]
-0.24886025 [0.9417457]
0.09269184 [-1.2802347]
0.055271637 [-0.8058711]
-0.25888923 [-1.0381348]
0.44451 [0.85088646]
-0.426356 [0.22782873]
-0.47160226 [0.5321638]
-0.50336695 [0.40718737]
-0.35797822 [0.21650039]
-0.20451841 [-0.24278076]
-0.46101063 [-1.4872469]
0.66320986 [0.42963096]
-0.045051154 [-0.447973]
-0.027476534 [-0.505163]
-0.13928919 [0.8133231]
0.30811426 [0.14897837]
-0.32447156 [0.18048488]
-0.25936297 [0.15360463]
-0.49336737 [0.2253598]
-0.36015818 [-0.15452051]
-0.3814608 [0.1288739]
-0.012951769 [-0.02505654]
-0.5004466 [0.8493525]
1.264935 [-1.1116171]
0.31054577 [-1.1401598]
-0.48326197 [0.91152036]
0.30382156 [-1.1743546]
0.259697 [0.28841308]
-0.19528997 [0.0490667]
0.041647676 [0.3524916]
0.22744271 [0.37180355]
-0.40966323 [-1.1066052]
-0.46609986 [0.8517581]
-0.26677987 [-0.5693541]
1.3265785 [0.44485462]
-0.3864076 [-0.07519596]
1.5788062 [0.7177345]
-0.43394184 [-0.56016153]
-0.40251312 [-0.11838447]
-0.4738678 [-0.80114055]
1.0947303 [0.51785886]
-0.4986757 [-0.23671119]
-0.42094576 [0.4473925]
0.0755229 [0.6803895]
0.4428061 [-1.2497487]
-0.28927076 [0.01677643]
-0.29354554 [0.8681343]
-0.429211 [-0.90434]
-0.51899344 [0.05909396]
-0.5016097 [0.15111548]
1.5676204 [0.90873367]
-0.48520947 [-0.08591729]
1.0232335 [-1.137058]
0.22494726 [0.8405373]
-0.06722362 [0.03260981]
0.30483243 [-1.5931482]
-0.47830844 [1.1389058]
-0.37984964 [-1.1372006]
1.0615233 [-1.0258265]
-0.39485523 [0.16045699]
-0.45546314 [0.1517338]
-0.39484155 [0.00164109]
-0.10145015 [-0.03416436]
-0.030653713 [0.16597879]
0.11473698 [-0.04270831]
-0.31798163 [-0.15640005]
-0.4511131 [0.24914938]
-0.38663158 [-0.87115055]
-0.45525643 [-0.3518943]
-0.47452313 [0.06035722]
-0.40182236 [0.26027077]
1.6442882 [-0.24842472]
-0.47216105 [-0.10095422]
1.4871484 [0.13559918]
-0.13732107 [-1.3036298]
0.12763721 [0.0453693]
0.2258094 [-0.41005394]
-0.41456124 [0.85046166]
1.4094906 [-0.8277636]
-0.4092573 [0.75553346]
1.3839387 [-1.3088188]
-0.40561375 [-0.43907908]
-0.51070887 [-0.42189452]
0.44385794 [-0.5700909]
-0.12880065 [-1.6278732]
0.6663507 [-0.42336145]
1.421198 [-1.0035682]
0.5103692 [-1.1059535]
0.84260005 [-0.37940803]
0.7032096 [-0.31921622]
-0.43716118 [0.30787]
0.79700273 [-0.1504244]
0.16688995 [0.5455071]
-0.26328552 [-1.2705113]
-0.27261975 [-1.573345]
-0.37791297 [-0.20373885]
-0.21036965 [0.8378396]
-0.060507137 [0.20532371]
-0.5063582 [-1.134098]
-0.4323695 [0.784443]
-0.13366501 [-0.23890291]
-0.13092573 [0.07629352]
0.80483806 [-1.6712888]
-0.5185165 [0.89187807]
-0.39346883 [-0.44928065]
-0.530763 [0.82570624]
0.23755752 [-1.2405887]
-0.47570112 [0.08202253]
-0.46744955 [-0.2955106]
-0.41412383 [0.42265195]
-0.18248254 [0.7927485]
0.051221486 [0.07643643]
0.10730449 [0.31623515]
-0.27639696 [0.6675436]
-0.4213102 [0.8473946]
-0.33308503 [-0.10141107]
0.17130506 [-0.13524456]
0.61848783 [-0.50547695]
-0.36490348 [-0.34778768]
0.3358287 [-0.00067347]
-0.5217535 [-0.09016409]
-0.4977968 [0.034172]
-0.4194636 [-0.18134849]
-0.46544313 [-0.5470138]
0.44698846 [0.7840237]
0.53548634 [-0.14454184]
0.7561656 [0.30444494]
-0.1982192 [0.00310501]
-0.13346937 [0.03803866]
0.8166921 [0.32436416]
-0.48117736 [0.51079947]
-0.34757963 [0.70430493]
0.2224219 [-0.688064]
-0.43496302 [0.4251928]
0.30387002 [0.6829073]
0.3433037 [0.43945184]
0.32093173 [-0.71462816]
-0.32041484 [-0.24606061]
-0.41977432 [0.05868474]
0.7337504 [-0.16820708]
-0.4403796 [0.35814035]
-0.39155832 [0.26013348]
1.7675757 [0.86576176]
-0.29335263 [-0.02169574]
0.23230629 [0.22706285]
0.7933776 [1.0741701]
-0.22396578 [0.64360607]
-0.49092695 [-0.5943959]
0.7720201 [0.9607235]
0.89709306 [0.52818084]
1.3132626 [-0.44530016]
-0.41281363 [-0.2953816]
0.42717177 [0.8595703]
-0.4824934 [-1.0446217]
1.8316988 [-1.1172643]
-0.4550805 [0.33132422]
0.52291423 [-0.7411561]
-0.06453744 [0.19852868]
0.64995426 [-1.0866151]
-0.43585843 [-0.5050549]
-0.47593993 [0.22895263]
-0.5278165 [0.92982686]
-0.34954646 [-0.20428798]
-0.4627187 [-0.24303423]
-0.38639343 [-0.03053603]
-0.16696185 [0.3018504]
-0.22216132 [-1.3816348]
0.72389257 [-1.2827902]
0.11992841 [-0.01993576]
-0.44996473 [0.01415612]
-0.17847207 [-0.11684821]
0.38548285 [0.5375549]
-0.45795667 [0.22271614]
0.24434127 [0.00322785]
-0.4555134 [0.29959333]
-0.42165816 [-0.44280636]
-0.3490842 [0.7080872]
-0.22283764 [-0.78450286]
-0.41204247 [-0.00441277]
-0.17088366 [-0.61775565]
-0.4024787 [-0.00702626]
-0.53768253 [0.68825877]
-0.4335944 [0.4802858]
-0.02418337 [0.29166305]
-0.47874853 [-1.5431161]
-0.46431798 [-0.98527205]
-0.4538761 [-0.5071968]
-0.060071297 [-0.41823167]
-0.48958695 [-0.51314485]
-0.39914095 [-0.772083]
-0.2221005 [-0.42292807]
-0.46335298 [-0.14243476]
-0.33005863 [0.02652742]
-0.42638513 [0.0725938]
-0.40574673 [0.35272077]
-0.48566297 [0.27218196]
-0.47569817 [-0.83819616]
0.5347471 [-0.5341067]
1.6504457 [-1.0712105]
-0.02722936 [0.9218121]
-0.5043834 [-0.19909663]
0.64394087 [0.25938478]
-0.49826783 [-0.3497042]
-0.4620822 [0.17834081]
-0.5012116 [-1.0847561]
-0.38938233 [0.09123477]
0.84398794 [0.03680855]
-0.30747208 [1.0954512]
-0.42583627 [1.0108573]
-0.47431436 [0.41367012]
0.55428135 [0.22921567]
-0.18946682 [-0.6335435]
-0.4367989 [0.25062394]
0.8842289 [0.1146988]
0.3881623 [-0.12991154]
-0.4898237 [-0.43327227]
-0.44034427 [-0.04524646]
-0.47233787 [-0.1943706]
-0.29251522 [-0.83339083]
-0.24714111 [-0.17851019]
-0.10911023 [-0.113165]
-0.40138176 [-0.21053989]
-0.22647823 [-0.47641724]
0.93134505 [-0.11294797]
-0.40984857 [0.21201336]
-0.4322133 [0.2652313]
0.5467718 [-0.4423318]
-0.45225593 [-0.41221288]
-0.38462353 [0.61784136]
-0.25085828 [-0.3203153]
0.3123992 [0.32160258]
-0.4888832 [-0.5362398]
1.8323315 [0.4194563]
0.14047015 [0.43158028]
-0.42567647 [0.198877]
-0.23399913 [0.2809454]
0.047971364 [-0.2734257]
0.13544059 [-0.6475321]
-0.49162647 [0.17117135]
-0.499098 [0.84655625]
0.11156882 [-0.28668478]
0.17079267 [0.04369791]
0.80760723 [0.11736812]
-0.48131126 [0.54869753]
-0.48515135 [-0.09054737]
-0.3228702 [-0.11641019]
-0.02494113 [0.7142547]
-0.44274384 [0.7109359]
-0.23838641 [-0.4423883]
-0.3631543 [0.78185856]
-0.45811298 [-0.08893112]
-0.33836925 [-0.06219937]
-0.3282155 [0.09961083]
1.59582 [0.73416615]
-0.462055 [-1.1998202]
-0.39785364 [-1.0044314]
0.7360873 [0.24678212]
-0.39790842 [0.23387685]
-0.47640708 [0.48167643]
-0.30350855 [0.5921695]
-0.391689 [-0.4890558]
-0.51419806 [-1.3337066]
-0.4308041 [0.8165594]
-0.22742157 [0.8226258]
-0.4345991 [-0.02294522]
-0.34135234 [-0.6487623]
0.10532555 [0.8148515]
0.17573228 [-1.6165466]
-0.42787668 [-1.0501401]
1.8283322 [0.90211606]
0.56850404 [0.29831612]
0.5152536 [-0.27879027]
0.97517323 [0.3036115]
-0.43301708 [0.03725326]
-0.009367873 [0.20345399]
0.027355911 [-0.7233434]
-0.30688986 [-0.4552982]
-0.4223078 [1.0046555]
1.7745224 [-0.1093382]
-0.36172256 [-1.5741572]
-0.4688282 [-1.0373124]
0.7884222 [-0.17128493]
0.2811398 [0.59354705]
-0.39789256 [-0.3171924]
-0.39266777 [-0.28239033]
0.6310046 [0.13029195]
1.773902 [-1.4244777]
0.64154184 [-0.19713409]
-0.45993584 [-0.5010038]
-0.5098815 [0.11428004]
-0.44894794 [0.57599205]
-0.38590887 [0.13641557]
-0.43252042 [-0.6390037]
-0.058327675 [0.05174229]
-0.37941688 [-0.27566192]
1.8466349 [0.6896442]
-0.46804196 [0.7845516]
0.62504995 [0.1884894]
-0.27957323 [-0.4253936]
-0.3927678 [0.45876125]
-0.08946646 [-0.24663062]
1.1518139 [0.11971066]
-0.4639552 [0.28425023]
-0.42171317 [0.6276871]
-0.30078653 [0.38566867]
0.06516633 [0.46378428]
-0.4315129 [0.8922889]
-0.3499149 [-1.432817]
-0.47426113 [-0.7387057]
-0.4043053 [0.41410634]
0.63362837 [0.14034036]
0.6058616 [0.19513156]
-0.2580937 [-0.23725267]
-0.5003428 [-0.8034609]
0.4477153 [0.60766155]
0.23112403 [-1.2491657]
0.13936909 [-0.17728746]
1.2722822 [-0.38050708]
-0.50672907 [-0.01858213]
0.4536949 [0.75440925]
0.12933984 [-0.39319983]
0.3464832 [0.88054454]
1.4563656 [0.52767086]
1.752141 [0.34122086]
-0.47709447 [-0.97079337]
-0.48600098 [0.8298014]
-0.42065102 [0.6458375]
-0.45503077 [-1.4040687]
-0.44434506 [-0.37630287]
-0.46049723 [-0.14995512]
-0.47622177 [-0.47303978]
-0.50860065 [-0.53162897]
-0.3912472 [-1.3405973]
0.1720721 [-1.4427471]
-0.47252497 [-0.13511804]
-0.38073796 [-0.40561917]
-0.3768771 [0.12258676]
-0.5153548 [-0.36063328]
-0.42244336 [-1.2453961]
-0.4633432 [-0.12617251]
-0.49593487 [-1.5880612]
-0.39856052 [0.50554365]
0.5821254 [0.16514944]
0.19150375 [0.35694557]
0.6480539 [-0.5567289]
-0.36545914 [0.51721257]
-0.3545831 [-0.6770084]
-0.5197832 [-0.19284526]
-0.11432898 [-1.0422456]
-0.43531084 [0.00603544]
-0.19162618 [-0.31844175]
0.8631549 [0.31464007]
-0.41889903 [-0.8176401]
-0.2951085 [0.4216439]
-0.40482014 [0.08878671]
-0.24782026 [-0.28515384]
-0.3844328 [0.12275561]
-0.45862627 [0.01108169]
0.8650921 [-0.3374155]
-0.36527216 [-1.6980429]
-0.48586053 [-0.00979726]
2.5632248 [0.42676744]
-0.35408708 [-1.3728776]
-0.4752211 [0.76729256]
-0.2035132 [0.24196014]
1.9465649 [0.0850429]
-0.44626614 [0.35226172]
-0.026322367 [0.7094918]
1.6416368 [-1.1244687]
-0.4013373 [-0.9809161]
-0.00927457 [0.33388436]
0.7368129 [-0.20859851]
-0.45295712 [0.11175486]
-0.41411367 [0.11946442]
0.4153195 [0.12781319]
-0.054277785 [0.83246684]
-0.47905874 [0.11635204]
1.4560848 [-0.3811508]
-0.4667227 [-0.01182368]
-0.41368258 [-1.1924707]
-0.20717081 [0.2786423]
-0.39053276 [0.8543597]
-0.44678435 [0.209989]
-0.42819384 [0.27521968]
0.46946687 [0.8376114]
-0.22981031 [0.18220909]
-0.021358524 [-0.35728845]
-0.42996362 [0.0043605]
0.65927726 [0.20454814]
-0.3123657 [0.3005851]
-0.2868386 [0.8080778]
-0.46233195 [0.8699882]
0.63182133 [-0.19724247]
-0.3708971 [0.29151767]
-0.5155165 [0.12440298]
-0.44843182 [-0.15106034]
-0.0704106 [-0.4991536]
0.33186668 [0.6213302]
-0.40258604 [0.25050464]
0.20178041 [0.9750073]
-0.4249119 [0.25066665]
-0.43299195 [0.5622955]
-0.40032786 [-0.58570355]
-0.09903743 [0.21267483]
-0.49482504 [-0.6990047]
-0.40874544 [1.131396]
0.69267255 [0.83272266]
-0.47518048 [0.4273739]
-0.34708104 [-1.0723189]
-0.42399907 [0.8294318]
0.10149371 [-0.26328856]
-0.23195112 [-0.9590165]
-0.44009787 [0.8342623]
-0.43817642 [0.3609408]
-0.34080514 [-0.72731274]
-0.19932646 [0.05853323]
-0.40374976 [-0.49368382]
-0.15155974 [-0.40207192]
-0.37141106 [0.46609515]
-0.30432364 [-0.26933616]
0.060208417 [1.0564306]
-0.4400292 [0.0366322]
-0.4690005 [0.5380996]
-0.5156669 [-0.23054376]
0.041943047 [0.23313841]
-0.27073425 [-0.2651093]
-0.41909078 [-0.7802864]
-0.05057636 [-0.18079267]
-0.45585412 [-0.15476824]
-0.16157016 [0.79784554]
-0.42663875 [-0.08790004]
-0.41682202 [-0.08089057]
0.50152063 [-0.29304957]
-0.43486637 [-0.2660642]
0.12605287 [0.02120845]
-0.43275765 [0.14917615]
-0.37450355 [-0.27153948]
1.666322 [0.3385188]
-0.4677289 [-1.3892679]
0.9922306 [-1.6784406]
-0.49172297 [0.84914476]
1.1223354 [-0.11822709]
-0.4209755 [-0.16070117]
-0.06586378 [-0.155089]
-0.39614096 [0.42947456]
-0.4943951 [0.39751256]
-0.4446737 [0.3808216]
1.3904709 [0.35061464]
-0.41819102 [0.9945229]
0.73323154 [0.07086167]
-0.4683935 [-0.12567157]
-0.47433382 [0.11219902]
-0.32439744 [-1.4604508]
0.053776734 [0.9904373]
1.5989332 [0.49580237]
-0.4401278 [-0.2794868]
-0.42463997 [0.2893968]
0.483271 [0.25128445]
-0.37627786 [0.483623]
-0.3942726 [-1.4505405]
-0.38479906 [-0.77020454]
0.30588838 [-1.5065112]
-0.40381342 [0.8341007]
0.6551464 [0.7727778]
-0.36994684 [0.99605876]
-0.4254744 [0.45502412]
-0.19432576 [0.10931118]
-0.49593332 [0.35262412]
-0.0018887297 [0.50253326]
-0.25081548 [0.25156015]
0.34465504 [0.1432394]
1.5541872 [-0.50747526]
-0.44226637 [0.11524274]
-0.20920336 [-0.57808167]
-0.45287013 [-0.07810482]
-0.43442693 [0.00283502]
-0.3891563 [0.9953632]
-0.43460655 [0.7313527]
-0.5525942 [-0.16338755]
-0.40780982 [0.03458859]
-0.46773008 [0.5085978]
0.21073616 [-0.18790807]
-0.3309727 [0.37152526]
1.7928154 [-0.50527614]
-0.25656313 [-0.9682968]
-0.3688665 [-0.6733921]
0.37318754 [-0.24822134]
0.45446837 [1.2972584]
-0.03912671 [-0.75195545]
-0.39545435 [-1.155787]
-0.22962964 [0.81021285]
0.16940215 [0.6715233]
0.6471312 [0.54779965]
0.47736922 [-0.82476217]
-0.21969886 [-0.7219414]
0.06572563 [0.28750497]
0.25835004 [0.2792126]
0.1475534 [0.90975845]
-0.36360794 [0.40217704]
-0.44527373 [-0.6117915]
-0.327995 [0.48772305]
-0.42590806 [0.24906884]
-0.3598649 [0.5172094]
-0.32702526 [1.1984465]
0.9170883 [-0.28697538]
-0.064825855 [-0.01466866]
-0.3441973 [-0.64849955]
-0.519307 [0.17239463]
0.4014494 [0.11154138]
-0.45943454 [0.39119703]
0.061674964 [0.7744062]
0.2643531 [0.12499987]
0.1566723 [-0.13168721]
-0.5100599 [0.01353097]
-0.2952862 [0.23955004]
-0.3250065 [0.02179142]
-0.46766758 [0.01352523]
-0.40307474 [-0.34116885]
-0.40269223 [0.8292393]
-0.40624702 [0.66624796]
-0.41601914 [0.86228055]
-0.5193142 [-0.00211296]
-0.43191394 [0.8798372]
-0.4468734 [0.81570435]
0.5554891 [0.87453544]
-0.42795452 [0.8994186]
-0.15313248 [0.04084092]
1.1227779 [1.132016]
1.4483052 [0.7774847]
0.3863932 [0.6902931]
1.7960413 [0.2414031]
-0.49521372 [-0.9511153]
-0.46490794 [0.8386537]
-0.42757306 [0.9101524]
-0.45341307 [-0.638978]
0.29574266 [0.41821828]
-0.3049559 [0.45657948]
-0.32390928 [-0.079376]
0.7971628 [-0.5436387]
-0.5158717 [-0.00177294]
-0.47644705 [0.02097204]
-0.19131404 [-0.05475898]
-0.25171962 [-0.9884518]
-0.45007968 [0.5242749]
0.15508693 [0.5648862]
-0.33577043 [0.61883724]
-0.047432426 [-0.15503715]
-0.42763144 [0.401675]
0.46334398 [0.32693902]
-0.38156414 [-0.09658431]
0.023020698 [0.44581023]
-0.40710324 [0.09285975]
-0.38241416 [-0.27324322]
-0.09952559 [-0.6681677]
-0.4275781 [-0.25131693]
-0.44245583 [0.19364771]
0.22704862 [0.7263553]
0.38628674 [-0.2848983]
-0.38621044 [-1.4112706]
-0.3396095 [0.8889756]
-0.39657527 [0.67907065]
0.6932414 [0.09141876]
-0.49949247 [0.77436113]
-0.31719872 [-0.07672553]
1.3269378 [0.23724216]
0.7216646 [0.09553424]
-0.28915453 [-0.61010724]
0.63370335 [-0.36894247]
1.4422207 [0.5625576]
0.14976431 [0.94783884]
-0.42506084 [0.01468968]
0.85149264 [0.07571355]
0.25801498 [-1.1538783]
-0.37309462 [-1.5322554]
-0.07015157 [-0.6676099]
0.25148585 [-0.6407574]
-0.50003785 [0.7643246]
-0.5132211 [-0.3587416]
0.604094 [-0.91411316]
-0.36392933 [-1.4853134]
-0.30444428 [-0.05611125]
0.037381798 [0.95215595]
-0.3710243 [-0.0793053]
-0.35503945 [-1.1137108]
-0.5051339 [-1.5790509]
1.7609284 [-0.79085433]
0.10113622 [-0.8254613]
-0.4981575 [0.17841041]
-0.34552982 [0.8200621]
-0.11520787 [0.50523835]
0.05567964 [0.11391272]
-0.44492537 [1.3115079]
0.5075639 [0.02071447]
-0.509032 [0.6130433]
-0.0025392694 [0.49870783]
-0.49040425 [0.40691385]
-0.4200836 [-0.27634618]
-0.11325729 [-1.009802]
-0.24237315 [-0.33889443]
-0.2803051 [-0.36324733]
-0.5066909 [-0.1800358]
-0.41128162 [-0.19371447]
0.052667417 [0.5402749]
-0.47589558 [-0.47190374]
1.727705 [0.85680926]
1.5969309 [-0.62098753]
-0.43578586 [0.29367077]
-0.18098196 [-0.4662992]
-0.34150246 [-0.759564]
-0.073018685 [0.30169344]
1.728496 [0.8513928]
-0.50277483 [0.02615001]
0.17109217 [0.3587596]
0.88708854 [0.00958856]
-0.40480894 [-0.6067095]
0.69135445 [-0.19227853]
0.5071353 [0.10587585]
0.23396717 [0.30089796]
-0.3886349 [-0.4803101]
-0.26490054 [-0.5597456]
-0.4465458 [0.25216374]
-0.2436232 [1.0111039]
-0.3577077 [-0.3567998]
-0.4610145 [0.00586618]
1.3968953 [-0.631319]
-0.46961096 [-0.19873573]
-0.31599122 [0.5350543]
-0.4364498 [-0.5533614]
-0.46909198 [0.9251639]
-0.3987943 [-0.33832115]
0.16936761 [0.09949835]
-0.4513153 [-0.43437612]
-0.34708166 [0.81022704]
-0.41914412 [-0.1751307]
0.28797588 [0.784036]
-0.40133148 [0.21896428]
-0.19708024 [-0.3935019]
-0.36727184 [0.822263]
0.10064986 [0.207653]
-0.14858386 [-0.42778555]
-0.3787032 [0.8389294]
-0.41737217 [-0.30926883]
0.82152474 [0.4405344]
-0.46310195 [0.9048749]
-0.40729654 [0.8738862]
-0.44661346 [0.8139796]
0.5809914 [-0.46471217]
-0.35534975 [-0.63980144]
0.1215545 [0.6397582]
-0.40389356 [-0.73407114]
-0.29413924 [-0.3126205]
2.2737277 [-0.13825676]
1.5035201 [-0.02293171]
1.7350632 [-0.00260571]
-0.48974597 [0.06908763]
0.85264575 [0.85083264]
1.4258804 [0.03130614]
-0.28042406 [0.31272054]
-0.28295043 [-0.06923191]
-0.41491368 [-1.3513926]
-0.40886748 [-0.38141724]
-0.3422078 [-0.07543278]
-0.42607108 [0.9117155]
-0.41783276 [0.18586786]
-0.30515692 [0.9451881]
0.1402985 [0.3658593]
-0.3356217 [0.8188334]
-0.43137294 [-0.5441725]
-0.36102936 [0.2523599]
-0.4400172 [-0.5046293]
0.21680906 [0.4396143]
-0.023613503 [-0.3630034]
0.047720067 [0.8959896]
1.7736152 [0.26983818]
-0.4779941 [0.17486425]
-0.41265962 [0.4226417]
-0.45008138 [0.67859703]
-0.26873934 [0.38775146]
-0.27106932 [0.83615255]
-0.43760306 [-1.1577551]
-0.37376603 [-0.21484442]
-0.12553145 [0.82365876]
-0.36487705 [-0.11760575]
-0.44171184 [0.19533303]
-0.4600704 [0.4408407]
-0.45563892 [-0.04725731]
-0.46879083 [-0.83878446]
-0.5127935 [0.3700343]
-0.46144596 [0.18366769]
-0.476529 [0.76594484]
-0.28986898 [-0.13370435]
-0.48561594 [0.8722194]
-0.48620203 [0.10861491]
-0.5086145 [0.83133805]
-0.3895763 [0.67576283]
0.3015975 [0.11588687]
0.5464048 [0.04685042]
-0.16101266 [0.60417545]
0.58143157 [-0.446766]
0.46681523 [-0.8014131]
-0.44890013 [0.31066573]
-0.08929094 [-1.3107855]
-0.47390133 [0.8407579]
-0.4926873 [0.37069085]
-0.39534017 [0.13806416]
-0.20424907 [0.01938555]
-0.45175385 [-0.4848797]
-0.41111588 [-0.8780347]
0.172069 [0.84983075]
-0.47444862 [0.45498905]
-0.41358697 [-0.3514134]
-0.4837245 [-0.22612567]
-0.2850402 [-0.23248118]
-0.03534435 [0.7986036]
-0.41224042 [0.72593135]
1.5540596 [0.56464815]
0.80305916 [-0.36697763]
-0.45900813 [0.8306578]
-0.48088986 [-0.93690246]
0.8244202 [0.36221978]
-0.41440544 [0.9004852]
1.9399059 [-0.9185543]
-0.37756565 [0.8724323]
-0.5088619 [-0.01112182]
-0.47798368 [-0.22056906]
-0.5071112 [0.29714063]
0.09671363 [-1.2111971]
-0.34013516 [0.6588578]
-0.43019325 [0.26274285]
-0.48684627 [0.854663]
-0.49422914 [0.28551322]
0.56616944 [0.9331642]
-0.4003986 [-0.80702895]
0.024709163 [1.0610034]
1.0139997 [-0.5839237]
-0.40630436 [0.8976237]
-0.5080031 [0.26134896]
0.092723794 [-0.20189957]
-0.2881697 [-0.5465893]
0.2846737 [-0.11705445]
-0.41876358 [-0.06824505]
-0.48438224 [0.7439117]
1.7405964 [-0.01397403]
1.5384874 [0.01787044]
-0.50854284 [-0.10801256]
-0.50046533 [-0.23314592]
1.2621174 [-0.20217037]
-0.3544822 [1.0327729]
-0.41100195 [0.12574759]
-0.46179107 [-0.9213496]
-0.5145799 [0.84335214]
-0.45410728 [0.8445738]
0.8633619 [0.25293794]
-0.49034098 [-0.04612535]
-0.43837294 [-1.6910512]
-0.37446064 [0.8562996]
-0.44384557 [-0.2652357]
0.83418864 [-0.38986728]
0.44216147 [0.43281093]
0.31824246 [-0.18548554]
0.5296098 [-0.7372456]
-0.4034705 [0.5015196]
-0.4579644 [-0.17521217]
0.17975873 [0.8041213]
-0.44155243 [-0.4530295]
-0.45810407 [0.30885634]
0.75513595 [-0.5034941]
-0.40897405 [-0.62613124]
0.9898359 [0.3441876]
-0.47647938 [-0.7797536]
0.2996312 [0.832827]
-0.45821247 [0.9152423]
1.1553493 [-0.5917831]
-0.45392197 [0.22155115]
-0.30033794 [-0.08549006]
-0.4485487 [0.76415235]
-0.48851785 [-0.43949047]
-0.008840792 [0.5491471]
0.73773044 [-0.9633239]
-0.06826722 [0.7707525]
1.615682 [0.56167114]
0.64296556 [-0.25354195]
0.8316522 [0.29585087]
-0.20097111 [0.09738977]
0.48195446 [0.83630896]
-0.42770115 [-0.21577874]
-0.4663125 [-1.4067768]
-0.42142916 [0.7457227]
0.10867078 [-0.7374287]
-0.50138557 [-0.40122196]
-0.38841182 [0.6981422]
-0.35858828 [-0.01180976]
-0.11757291 [0.31015494]
-0.0053780344 [0.64004844]
0.6134467 [0.01153977]
-0.42256397 [-0.40008837]
-0.44223803 [-0.3234599]
-0.42887092 [-0.18107945]
0.748028 [0.0072209]
-0.28229654 [-0.19184338]
0.12361953 [-1.4594028]
0.1715079 [-0.08339622]
1.9502805 [-1.0818568]
0.52176416 [-1.5824823]
-0.38871428 [0.8691376]
-0.14089388 [-0.33664933]
0.1200462 [-0.7562749]
-0.16907147 [0.30869842]
1.3550023 [0.03454122]
-0.4533191 [-0.0406475]
-0.30878875 [-0.5512976]
-0.35266578 [0.16221914]
-0.12876199 [-0.71972185]
-0.45898956 [0.78490597]
0.3152047 [0.4761212]
0.68230414 [-0.76722974]
-0.2648749 [-0.9746749]
0.052059144 [-0.41911003]
-0.42380023 [0.04411954]
-0.30111772 [-0.22545083]
-0.44629487 [0.37406695]
-0.48938888 [0.7098573]
-0.5083258 [-0.2691639]
-0.3917774 [-0.6755734]
0.026201487 [0.58410263]
-0.26127487 [-0.2993453]
2.0694034 [1.1472884]
-0.38564265 [0.5783747]
-0.49461782 [-0.44638583]
1.4571978 [-0.813301]
-0.34547362 [0.9341598]
-0.33289093 [-0.5502698]
1.6159348 [1.0478567]
-0.15997241 [0.94268805]
1.623554 [0.3906606]
-0.45465654 [0.6975432]
-0.35516083 [-1.2833998]
0.46829957 [0.81330395]
0.7603181 [-0.14053774]
-0.44758552 [0.8568289]
-0.114152685 [-0.18019469]
-0.1490295 [0.15717672]
0.587364 [0.04875331]
-0.44300753 [-0.15899087]
0.2750424 [0.48966607]
-0.49105814 [-0.47539175]
-0.4261573 [-0.5333911]
-0.32374832 [-0.32500434]
-0.018124899 [0.4918807]
0.44914088 [-0.22902457]
-0.40148097 [0.6097073]
-0.22232138 [0.14759076]
1.2849104 [-0.03368239]
0.3313254 [0.85035026]
-0.52117276 [0.0689723]
-0.40121603 [0.40517092]
-0.42688927 [-0.28486365]
1.496009 [0.7827862]
-0.45980364 [0.02752001]
-0.46149054 [-0.82167387]
-0.4457999 [-0.00686519]
0.18014972 [0.94412374]
-0.38253066 [0.23361437]
-0.44623858 [-0.7257105]
-0.38641056 [0.3823536]
-0.16363287 [0.37575868]
0.90332985 [0.22702394]
0.12920247 [-0.07423298]
-0.28763154 [0.09067008]
-0.46949264 [0.00130845]
-0.44853207 [0.84805745]
-0.2332937 [-1.5294974]
-0.3115158 [0.91018325]
-0.4625223 [0.82956195]
-0.03322185 [-0.07205792]
-0.45318973 [1.0393534]
0.58297545 [1.1613276]
-0.4796358 [0.27665657]
0.30232614 [0.36237267]
-0.46119648 [0.5641647]
-0.47002655 [0.2997503]
-0.5150219 [0.85567605]
-0.3379829 [0.0512232]
0.0634972 [-0.33353382]
-0.4709534 [-0.43617636]
1.4381464 [0.80308884]
-0.3662629 [-0.64489186]
-0.28775474 [0.8407672]
0.6723504 [-0.59994143]
-0.39644122 [0.25912014]
0.17120041 [0.8424133]
0.27180183 [0.19287556]
-0.4226605 [-0.3989204]
-0.4545975 [0.3422517]
1.2033069 [0.00639387]
1.7282256 [-0.06802884]
-0.23878255 [0.8531798]
-0.46749324 [-0.19556904]
-0.4639584 [-0.27220026]
-0.32253268 [-0.7361726]
-0.08858988 [-0.13132645]
-0.35470515 [0.33835417]
-0.123667985 [0.8789388]
1.5752846 [-0.43426734]
-0.4797009 [0.8396206]
-0.46926314 [-0.32507503]
0.42513043 [-0.7024175]
-0.49564 [-0.13663463]
-0.33601233 [-1.2819852]
-0.42975947 [-0.43609446]
-0.48510262 [0.08479639]
-0.37814856 [-0.36679444]
-0.028088927 [1.0365751]
0.007936376 [-0.01596578]
0.3349931 [-0.54638827]
-0.40158755 [0.09317888]
-0.336418 [0.9328642]
1.6209513 [0.02287015]
-0.4894354 [0.52482]
-0.40677616 [0.21099265]
0.18478854 [-0.8604514]
-0.45251727 [-0.2800366]
-0.067302234 [-0.63535935]
-0.4922409 [0.26361698]
-0.5026118 [-0.48961803]
0.86221445 [-0.26975095]
-0.44973367 [-0.6195005]
-0.43594965 [0.04317909]
-0.04543493 [0.35946244]
-0.44609243 [0.99359393]
-0.39221686 [-0.6801506]
-0.41571656 [-0.79106224]
-0.4313374 [-0.04647765]
0.28594977 [-0.99842715]
-0.33452773 [0.9395394]
0.84472513 [0.33758897]
0.008920691 [-0.40366605]
-0.47191104 [-0.0555063]
-0.42624852 [-0.64656633]
-0.4136697 [-0.03105239]
0.47920823 [-1.2831333]
-0.3000611 [-0.99896187]
-0.3319685 [-0.31718504]
0.7311964 [-0.35049507]
0.14784233 [-0.29822767]
1.0159779 [-1.5185146]
-0.2982979 [-1.5763943]
0.12708692 [-1.0645647]
0.44829985 [1.009915]
-0.5217269 [0.45112592]
-0.3879511 [0.87371755]
1.5192356 [-0.38469437]
-0.42856705 [0.7671244]
-0.36163673 [-0.8088361]
-0.43545595 [0.923544]
-0.46789142 [-0.20297298]
-0.4260788 [-0.29145107]
-0.3765744 [-0.17085728]
0.74725884 [-0.10037439]
-0.4444434 [0.24279071]
0.38313586 [-0.42177632]
0.29787496 [0.07837194]
-0.45200515 [0.31911904]
-0.31741795 [0.59435046]
-0.42651683 [0.26592225]
-0.4194096 [-0.03635157]
-0.19506264 [0.5371614]
-0.47553578 [-0.3085521]
0.10518328 [0.67479974]
-0.41528934 [-0.4809227]
-0.39213514 [0.06837267]
0.27424803 [-0.31181037]
-0.47593993 [-0.5154389]
0.09331273 [0.23423079]
-0.4655452 [-0.00425771]
-0.46610156 [0.25910005]
-0.46634215 [-0.504722]
1.0766948 [0.41837868]
-0.44543275 [-0.13785669]
0.43050435 [0.28955117]
-0.035823233 [0.611185]
-0.4983535 [-0.1396658]
-0.45209163 [0.6838712]
-0.37999216 [-0.18702453]
-0.47192845 [-0.6793069]
0.7908332 [0.10155835]
0.2918541 [0.39319834]
-0.48971787 [0.32934135]
-0.21971974 [-0.4069249]
0.28631654 [-1.6594193]
-0.39660618 [0.7747046]
-0.23870215 [-0.6039925]
1.614033 [0.46733862]
-0.47886336 [-0.36300588]
-0.26331994 [0.8780387]
-0.5258343 [0.41773686]
-0.18262507 [0.9307193]
-0.33875224 [-0.09685402]
-0.33554876 [-0.0162445]
-0.45895386 [0.36264676]
-0.4198341 [0.42479944]
-0.45477098 [-0.8039766]
-0.32274377 [0.05092291]
0.25602058 [0.8775599]
1.3877622 [0.46403763]
-0.4340844 [0.0173519]
-0.4426937 [0.3702119]
-0.40514284 [-0.10651124]
0.14269473 [0.6903144]
1.5713538 [0.3011573]
0.23001857 [-0.3042668]
-0.4002174 [0.1878207]
-0.10586938 [-0.4804668]
-0.3883921 [-0.74015164]
1.3923779 [-0.72505355]
0.27723786 [0.4258323]
-0.45968843 [0.45989332]
0.071512185 [0.13160914]
0.9950111 [0.40805018]
-0.4868049 [0.00987588]
-0.45912462 [0.12957849]
0.65338814 [1.0129547]
-0.38184482 [0.05976101]
0.72599393 [0.7091399]
-0.4587344 [-0.16633764]
-0.43614295 [-0.29850325]
0.29278973 [-0.26187626]
-0.36945596 [0.4378049]
0.69980013 [0.4345888]
-0.34793288 [-0.05082149]
-0.12607503 [0.24643639]
-0.5176732 [-0.24993068]
-0.26056492 [-0.5093118]
1.8572103 [-0.34440967]
-0.49947262 [-1.6207393]
0.14727917 [-0.37507018]
0.0679453 [1.0940021]
-0.33237365 [-0.7392092]
-0.21400355 [0.62825435]
0.71656084 [0.21074437]
-0.489913 [0.02129007]
1.3164515 [0.78535724]
0.25413132 [-0.30064598]
-0.32176346 [-0.44772938]
-0.5062157 [-0.16433156]
-0.37634075 [0.94591457]
-0.40789708 [0.4769138]
-0.5015813 [-0.18392894]
-0.38018587 [-0.54725665]
-0.028362649 [0.8179189]
0.3513834 [-0.9963141]
-0.3584888 [0.8018246]
-0.03554101 [-0.6159511]
-0.5126757 [0.16849208]
