8284
8721
8230
14735
12408
12856
9033
11173
923
9935
12177
1581
10835
534
1490
12027
11220
9482
11505
1479
12950
10411
12485
10553
8778
1007
11088
9957
1217
15043
9657
15186
13470
10257
10445
11572
1662
749
12487
10713
10153
8774
9192
10634
8882
14356
12586
2093
2637
11962
1495
11044
8613
555
1552
946
9916
12050
2006
5054
7233
4263
10565
15069
1549
11849
10876
10727
7248
20890
12387
14701
2694
9218
14734
9365
896
11354
13921
1379
1214
12175
11970
961
17521
11749
11524
10790
10377
1955
11453
3822
13542
361
9558
11016
13609
514
9630
8762
10351
2712
11549
1449
2077
15022
802
1366
1394
11802
3595
719
9193
13928
13492
12781
17606
1728
96
7951
9540
7937
11701
13032
8768
1335
9550
9800
10970
11874
12761
11121
16147
2595
10801
6403
1044
14687
8565
15333
616
16107
8453
1794
1065
12219
12135
11079
12905
9488
1958
6381
16475
11787
13917
9790
1320
11648
14415
2999
6367
10745
1990
10572
1733
12706
11687
850
11503
5991
12962
12583
5510
10390
12806
1677
11601
13044
2898
20195
11607
9326
13909
13089
14235
13585
12467
11482
11299
15847
10284
12333
13142
526
4651
1642
1946
9664
11389
607
10853
340
11357
11572
3444
11510
13527
14124
4040
15807
1140
13889
8165
9632
18435
569
10696
492
10565
10350
12058
11388
925
8129
10460
12442
12243
13047
13760
12800
14985
11317
8968
10095
10287
9622
13414
442
12007
1382
14347
9806
12120
14970
14176
8925
11968
10558
4903
1042
4105
11675
10557
10736
809
5189
14176
1265
10285
11419
10038
15293
8019
11770
10442
9454
17045
2774
919
14884
1269
14311
9825
9755
10387
5497
10060
543
510
8443
11095
11368
10264
1425
17141
13307
3788
13117
14960
12631
11356
8498
11266
14765
8332
14660
7873
7245
7481
8448
17178
10981
8677
10407
6151
1629
10534
495
1761
11510
155
1650
542
11620
11969
12200
3175
15816
10388
9503
12570
2729
10190
8627
284
10985
13947
11796
9137
9571
9189
9313
11850
1690
9659
8243
13322
12283
9723
10280
16737
370
11200
11604
552
14950
13751
1052
12159
8711
14604
591
8442
15195
13082
10584
6292
9480
10754
1192
15131
10832
13440
11677
11897
8815
12813
11505
10077
7963
10784
13006
15361
3921
11141
12959
226
4920
11525
119
10275
4197
796
10274
10491
14531
13808
11451
9482
16170
13565
10252
200
3777
1500
7382
898
20
13669
1253
15464
5125
12300
1865
11104
5462
264
5537
847
7134
10232
11589
14587
13419
8952
12497
11761
8143
986
1015
14909
12984
7857
10511
14824
11615
12776
11667
12784
447
9901
10966
11830
15114
10700
13001
9179
3964
9442
13278
11181
133
18476
1248
192
10156
3646
9213
12094
2259
10998
12946
9350
113
10031
3291
1360
12872
6992
14222
9279
975
12551
13590
1173
284
1012
15106
11577
13365
2895
8316
1355
14985
8721
4557
9993
2254
13967
562
10041
12208
481
9748
11881
8536
13978
16464
11628
10979
18406
925
2383
8783
13987
1112
13820
1582
8597
11370
10841
2035
10184
14114
3974
10187
686
12782
10988
1412
2109
219
8391
15206
10371
5837
1908
1589
8801
8843
11720
8556
13815
16905
12047
7031
11903
15719
1301
10347
13401
14037
11270
412
11679
8969
10650
10715
10982
15266
9499
8424
8336
15174
1168
16088
14543
13280
12072
6788
410
10683
1803
10432
5481
10936
7190
11077
14521
12342
13666
11367
8397
9249
8057
11816
14520
3873
14744
1547
9334
1065
10667
2361
13384
13148
11529
315
12019
3290
10992
12593
641
12675
18532
8279
10395
11653
12051
10512
9776
11625
12974
5805
11281
9494
10977
622
13865
9830
1770
12757
15905
10903
13809
1678
10950
8430
12625
9228
12788
11658
10965
13804
12715
13632
13031
11582
9569
8207
10258
14877
1849
12740
7195
10299
9764
11093
11347
12064
923
15223
1054
13112
736
11332
20280
11484
8312
503
13437
4137
11968
15966
6364
13281
10669
1651
886
15597
15838
14307
9721
10128
505
6951
10936
9880
12110
1421
2269
14291
10497
12571
4231
11847
14454
9630
10575
14263
15042
11474
10487
1061
11890
3292
1663
2581
12458
9760
12164
15401
10709
9115
13471
11910
10611
12091
9648
14297
2022
11836
8070
9855
1856
7329
11972
10278
2870
11727
11527
15513
12566
19028
10616
13287
10853
10700
13433
8445
8047
1616
14737
21
17959
9991
10976
2501
12684
539
12247
16765
2698
1473
10096
11668
7154
9519
13002
9814
10460
1445
10187
10743
1844
11785
9715
10420
10348
5013
9639
1333
2202
17188
10358
1036
12934
228
790
9345
12125
13047
11615
11713
11296
8982
11044
13032
12437
13967
9617
1086
9560
10688
11693
14552
13747
11691
8039
2022
958
10034
16295
1737
12100
13943
9437
2000
6318
11593
14895
1949
13087
11576
13451
1871
10918
11499
10143
10863
150
18557
11260
4898
11537
14934
1575
11620
1812
13954
9881
935
12392
10423
10905
5444
11383
13283
15757
11532
13178
7798
9718
8973
4210
14098
10155
5534
12548
18199
12588
8405
9627
8955
15670
6451
11413
8391
1050
14263
11519
13854
11325
3602
14649
9195
12512
12879
4653
2907
1906
9186
9193
11163
11973
10957
12738
6
9241
5813
284
424
17931
14692
15210
4844
390
7759
12204
3009
6312
14665
8997
1390
335
11368
11524
2050
2348
9502
11127
10464
11836
9464
15938
1622
548
11890
11597
9372
13221
4253
7788
9921
1885
7919
8286
10822
679
2653
6533
7769
12958
10256
9010
12365
2204
27389
7332
11276
18212
4641
14031
8207
7082
917
2433
686
3389
11182
11304
11495
10876
9108
6434
11357
10549
3824
12865
4038
10887
11869
12055
12254
1382
8008
15753
2000
1238
6287
13494
1599
11416
1676
7823
9862
8060
12707
3678
2504
14946
9790
4684
9945
14660
15171
1374
368
12069
11389
15091
13822
11107
9317
18681
11738
14483
814
11378
9857
15199
6558
2771
15186
12868
2631
14970
2211
11756
10208
960
9694
9037
8949
7004
1674
2580
15589
19508
1307
9729
10396
10622
11785
4494
15810
10351
2141
8060
5513
949
13128
1732
1016
11982
11596
1189
8034
8150
12135
9990
3365
935
1769
12740
1316
979
8627
1388
8551
4579
15697
14777
11115
1019
15040
10383
9367
1229
399
10964
2205
13229
14274
10426
12850
10619
1194
11690
193
349
9233
11883
10339
14670
9434
9897
14880
12639
2298
14233
9424
1989
1443
13183
10301
9671
13347
12256
13659
7469
10214
1556
674
10439
14230
14525
877
13717
274
928
11074
12087
12131
12576
13059
657
10825
6124
4979
5583
11462
9329
11154
10608
11364
15505
12169
14625
9888
1145
8958
9256
17235
11559
11720
14962
12023
9300
10357
15906
12845
913
17120
5500
21211
10093
20012
446
11039
4107
14742
14893
9585
8333
4929
1022
8706
13842
11504
11365
7721
18006
4483
9562
3318
9394
10229
13961
7744
6140
16250
12760
9926
177
500
15544
13173
12172
9060
20061
8617
7895
859
10845
9650
11977
12660
1534
17864
13390
10279
12711
12804
204
9151
16785
12059
9999
12236
5257
13824
10495
11447
114
817
11618
2283
354
9186
10160
10870
8180
12626
12804
4452
9460
11223
11889
9834
11
11616
4155
11445
9164
9692
10240
11790
9518
2850
10654
11075
13069
808
4169
9916
4481
10080
11156
10408
5747
378
9543
10444
11579
11381
12307
16641
4025
1067
11875
934
5757
703
890
10551
10880
8422
371
8021
12255
752
810
14430
16671
13817
11363
8301
10346
527
13956
7401
13608
3567
13491
10883
7231
13942
12312
12105
10164
10183
1269
1050
12047
8777
11784
1274
7108
413
1470
2278
13557
3995
11097
1568
387
10755
15339
6869
5569
9838
515
3166
689
8030
9394
1405
467
10301
2697
13145
2347
12875
8990
14996
13487
11367
10426
6994
10606
12851
3092
9321
12717
9504
357
328
14444
1551
12342
12739
12817
1533
13685
11379
6119
1285
9654
10546
832
256
16095
12119
12239
13544
617
11581
12072
12710
10597
14459
10682
14220
7414
10913
7939
8984
4980
12070
10796
7910
769
14519
5222
5954
11929
12970
1943
20203
10515
20172
11156
2146
14713
9071
13449
2705
11066
11352
11349
14421
10404
10817
13027
8665
213
12539
9349
1494
16944
11057
13130
6852
7370
14495
12749
10583
8863
12094
2608
12997
13733
10623
14210
15455
12244
14135
5981
11817
9174
160
5795
9018
14624
9588
6081
15553
11474
11602
14059
12297
811
13945
9479
13299
1636
11441
13081
1700
12041
12861
985
920
1615
8661
14694
11207
7293
8511
11158
9978
1047
14875
12020
5510
10809
291
15419
3704
14939
14362
2044
1723
16906
12998
11589
11452
9761
10345
13536
8224
10901
1398
40
366
9573
11277
12394
11940
11151
10717
13774
3080
13958
7988
12738
12500
1172
8238
13235
13954
10827
6339
6563
12169
13784
1916
9925
1438
1424
3147
969
1150
14729
14955
16114
1433
14500
13747
3128
8108
12466
1726
127
14415
1861
10162
11416
16177
13223
14165
12351
8873
7632
717
12683
9822
409
9349
589
9644
12704
15829
11836
604
5616
13952
1616
14482
11071
11421
15067
3950
1690
12174
7369
9228
14552
10252
9142
1044
12616
1443
10155
9422
5198
7866
12384
11833
12868
838
9970
11385
641
9445
10116
11956
11155
10908
10260
13670
10723
771
11160
1291
14501
7891
937
13128
9766
1536
696
7227
4950
13224
12470
10532
10393
8017
12596
11850
11628
14994
1396
680
7655
12652
8917
12805
1378
4937
1422
9387
12994
9321
9562
11512
11953
1482
11931
8956
8275
10191
10552
13990
14082
1702
1860
10409
9217
2667
9777
13373
3051
10246
9923
12236
14960
6713
11029
10935
14361
15261
12674
14558
12785
13221
13334
1485
6812
9638
2961
1184
10549
10174
855
8644
1656
1255
1754
8731
11268
638
13960
882
14722
10915
7431
933
1077
12328
9474
9788
11687
9118
9801
11148
12236
652
8178
13546
10658
638
7010
10917
1771
11445
11032
12648
11214
12721
1847
11509
10606
464
9107
8855
12637
1186
12192
13758
9944
1620
19853
2093
6942
1839
8801
1538
11482
5112
9721
10669
9118
6159
1184
404
786
1067
19177
10547
220
7211
6116
10528
13117
1314
10349
18296
13934
16100
11776
10493
13528
8784
15864
1628
9649
10402
11879
6676
719
7276
11973
5272
336
16397
1589
8385
1442
11751
13119
12603
9189
12724
12428
867
7394
10205
6767
12576
12531
13166
12278
2330
4144
10429
10221
11005
14739
4963
2321
9849
9156
1382
11565
8862
5430
13538
13342
11958
26515
5860
7797
1337
12253
13936
12182
11404
13824
12158
8316
814
3564
12176
11320
8489
11680
13447
4938
1335
13481
12179
421
10309
12348
4286
10244
5635
13857
11293
2016
8064
11581
1731
9283
366
10784
10558
10631
14099
13420
12452
10507
11271
14444
11257
11284
11477
11803
15246
9113
326
12753
1641
1564
6524
15373
9596
5585
1570
1297
11084
7407
12974
15828
12798
9741
20647
9092
9751
7825
13094
11897
10788
11441
18043
16330
8762
13339
12265
382
13338
10932
11996
14187
13301
5743
6954
7006
11009
12768
11141
12720
1959
11972
14480
369
9721
11153
1715
7315
8766
1002
5182
654
1063
10255
8028
12621
13607
10813
1722
7674
8906
870
194
12512
1694
14845
11079
2494
12034
16042
9777
1088
625
7714
14146
10766
6317
8623
10607
1464
14473
8937
11328
11856
9232
10453
1751
972
10797
5351
11315
2644
9674
9742
14402
1399
552
18030
10201
6625
4329
10738
10728
8308
14441
544
4085
14647
14418
12215
873
11732
1103
1671
8865
1703
1383
6058
13471
17037
6591
15467
11767
4318
7027
530
8057
7438
9992
16252
10094
14565
8847
10735
13751
6316
11211
9166
1622
11954
15134
8316
625
2302
10412
13357
9955
10684
1171
13092
17274
11349
6905
6671
1150
1731
9696
14661
11483
12787
13361
9271
12644
14012
253
2695
11549
12678
15327
990
1941
11048
11145
13870
287
13547
11193
13213
12311
10318
11546
5896
7901
1976
14640
9937
11555
8639
34
1675
8985
2211
80
2262
10313
782
11538
407
678
11435
4900
10309
11050
16471
11627
4342
1472
14128
986
11075
12918
11557
74
71
8994
9671
13064
11949
10022
109
14529
10056
6510
1722
12778
10049
7182
775
15071
2832
12913
8906
12122
13012
15372
11532
7826
9684
14980
9207
39
1585
8847
843
8607
10311
10168
12253
10771
2680
11010
8888
10172
11131
17995
8699
1815
11223
1210
13666
11168
9900
12274
1176
11323
12502
14270
353
7611
14017
6444
1314
12781
906
14266
10182
1461
9581
8873
9721
183
12667
9701
882
10951
15142
14720
1135
8109
11420
11499
15614
9826
9311
9705
11408
13917
5036
14230
13942
10745
13128
9658
13177
11497
12061
8918
4479
813
10887
9042
10342
341
10782
13625
18730
11315
5826
12153
10517
9445
8216
10838
10992
4747
11248
2190
12671
8360
10912
11319
14399
9229
13065
12808
9706
15266
10961
1815
16245
97
1324
9736
2693
713
11502
2009
14158
777
417
3630
7081
466
5726
188
13567
9530
2244
10330
9695
9844
10636
12052
6115
12165
10400
11017
9277
10927
7392
820
8708
9411
10340
1117
10254
11612
19229
2844
15060
12069
10669
1292
1927
12355
13348
11571
17289
185
13060
9406
11688
7308
11062
4249
1027
13192
1812
12209
10019
13686
613
15
1426
18756
12014
13106
11766
11650
11991
11275
12973
420
8555
10872
9927
9392
1998
955
12147
8553
1756
19346
918
12397
16496
9091
14565
21492
7710
10899
17525
5350
10906
13644
8614
10799
14474
22784
2247
1120
19192
11509
12569
11406
11647
6639
10729
13745
7026
14003
13306
4511
12068
2680
1770
8494
13530
11234
16617
133
542
1177
14315
10919
8591
17330
14547
11442
13858
11297
399
2276
9293
12573
21305
12006
1467
8007
14013
7965
9072
13935
11422
9580
4483
11305
10490
10846
10914
13877
9063
20587
4443
11151
10168
11225
13467
12642
1336
11185
4642
10441
14258
15006
2881
10997
10700
2262
10491
14999
6729
10124
8030
11252
8837
11274
12771
17340
2721
9031
11141
11500
10676
4169
11098
404
2276
6643
9496
78
11774
4419
91
10522
765
9328
13408
9183
11329
14797
12065
4087
9943
8485
8717
68
10375
14443
14623
8996
8720
739
14737
2775
531
1282
3905
10096
10163
119
8785
12565
877
12517
11762
148
11553
15950
13370
11783
12050
11849
6294
19164
13147
11663
7771
3047
2187
11479
794
2422
10944
8792
8569
9486
9160
5219
10305
11542
11115
568
924
10512
9956
13832
13930
10550
12701
2950
11240
5473
13945
9716
13841
10829
906
11036
13091
7840
1890
9175
11529
10184
12335
9217
11944
11156
13881
1949
12185
400
12586
4305
6263
14061
1320
10580
2371
129
10749
3275
15790
11471
14975
2350
11932
7600
15163
2248
17677
6343
8523
290
1042
10636
1168
1335
10523
10544
10604
10002
9460
14474
8408
10042
5598
12406
3161
11454
9769
9368
10442
11055
1477
731
9452
2956
10651
8293
1415
10625
11533
866
13938
766
11535
10916
11660
10063
12159
11519
10035
1075
13081
12999
11427
13589
11869
2320
13923
11007
3880
13360
2530
805
548
1105
15202
6924
6948
8036
11969
1130
833
10504
9322
2779
689
8016
18698
12680
10962
1026
10284
9359
13092
575
11878
1407
13075
9617
15028
6410
1182
210
16556
12168
11913
10786
876
14316
4742
10307
17819
1634
11254
10455
12509
9159
14114
615
2354
10812
7198
12211
9878
13617
12996
9124
9752
1169
2109
9942
10325
12950
1169
8265
2639
16248
6258
10885
3379
11250
9339
10763
1862
9257
10486
16032
11738
2020
13619
12947
10248
9209
10398
6695
2898
605
15818
12947
1507
13180
13577
10354
13463
1110
852
10320
891
1204
10570
11438
9858
1544
197
12041
8895
14747
1205
534
11593
9617
19677
7167
11266
8234
7567
10958
10685
10995
8417
9093
12242
1262
5251
10394
2300
10112
14403
10305
15183
9014
11614
11842
10498
9724
20473
906
2780
14232
12272
1641
1159
11455
16174
8325
10038
6503
10254
11763
7680
11538
9849
8786
1755
13196
8933
4881
16066
13567
18681
12841
4296
11981
1400
19
10881
3753
5138
10980
10542
2611
66
576
10229
2561
10464
283
2329
18244
704
17213
14197
11162
17062
6375
13502
1401
9336
1177
10686
13714
12775
6725
1258
516
6139
2657
4784
457
12814
23858
14623
19147
6817
11357
570
11454
12747
13820
14127
12329
1856
3058
13640
1126
14351
5655
14905
682
10601
1797
466
18052
5100
952
8756
10330
10481
365
1276
10181
17297
9623
9962
11335
5618
10993
12173
5251
16414
11601
13914
1057
1314
3117
11648
3639
490
1574
5201
904
13909
3102
1610
13616
6819
9141
15633
15239
12455
14000
12012
10173
17175
9974
11386
732
8110
13394
16764
1348
9198
8927
4489
3068
13879
1811
11725
12664
3369
10606
10875
6349
11458
10803
13236
2002
10619
1075
14011
9085
630
13335
1041
196
9316
736
10041
9259
10174
10857
9454
3261
9460
13033
11913
12646
317
9994
10753
10129
465
11753
1494
1011
504
11846
4217
12309
6687
9286
12459
316
13247
4416
12408
10776
593
10963
1022
10880
14926
9802
11146
8579
10605
9473
2214
12275
11586
4081
1510
10178
9073
825
12611
18037
13174
3194
1400
17124
26291
10243
1696
12117
12820
13406
13365
10766
12012
16277
10555
385
878
4927
1159
540
11292
14569
6920
13694
11026
5901
11498
18041
10962
9078
12161
1004
4046
12478
1327
15508
9112
16675
12507
8821
10863
9839
12966
885
11799
646
11585
765
9185
9963
10222
7227
9711
15429
2261
16196
2348
12216
12930
8260
1545
10093
676
814
11408
5101
2812
9870
10942
1675
1343
10844
1698
9875
11316
15198
9887
12272
12892
16708
11202
10427
12674
11010
10997
1014
10016
16105
12295
13383
9557
13455
8484
11324
648
12262
5734
13089
1678
18194
12112
3243
15158
19347
5056
13369
11913
666
12722
12680
11837
1527
11697
20252
9704
12053
10491
10047
14624
10788
11049
4388
9307
672
1355
992
17322
684
11263
12746
10851
1758
2889
8434
10521
8170
9400
9734
15594
8470
9736
8598
1404
10769
9035
18929
1526
56
13174
13683
3745
11647
10461
1679
137
9809
13190
10096
9654
7885
11672
17040
11485
18579
10119
11949
9779
972
8074
9147
15988
7030
3941
14564
10655
1186
9870
14450
7740
1380
7740
11701
9098
1965
4243
13426
13057
13900
2453
9042
10927
18155
12695
6709
11454
233
10694
13639
964
1028
13876
981
1260
13043
11397
11177
15195
14281
4618
939
11158
12582
11763
8505
9455
12031
11234
9465
10200
13474
11488
10905
7011
12256
1814
14300
1842
1462
2576
12446
978
3574
12220
8299
12836
1058
334
2521
15817
1673
12908
10973
7268
10881
1518
3130
863
14803
918
10658
9910
11393
4627
6628
11239
12290
8952
945
11645
12658
2043
9867
5627
4613
10597
16546
11882
9758
7399
10099
10030
1212
5892
5577
11546
10763
1211
11716
3545
12304
159
11085
15489
16705
14070
17896
13242
13356
2333
706
10357
1609
6600
894
10106
253
11217
839
6495
11824
1155
823
10284
12310
10280
8631
10181
10518
9629
12034
256
10413
10791
6288
7135
9936
12904
10919
14184
10330
10229
21406
9001
10817
13710
10849
10076
14625
9291
11593
11849
13049
8436
1307
4433
12195
11514
13700
10307
1419
10578
10154
1362
11965
8065
13411
7836
1368
1599
11392
9683
15830
7408
10724
13257
8699
15823
7352
9946
10705
14251
11691
4905
2457
10261
1052
11883
12251
10551
12719
2939
11035
10658
11995
14567
22584
10681
12958
12529
15046
14205
11823
12994
10126
13297
9341
234
10196
15910
9498
14097
7255
3784
9029
9645
12065
461
11626
1445
10860
10314
1677
14027
5327
1479
1544
9693
13416
10677
14264
1689
11926
1450
11512
4450
1756
7492
11512
13163
12366
346
14822
15962
563
7556
8782
11868
6614
8748
2292
528
12169
412
1529
12305
10703
11497
11134
8857
12482
16136
9990
12928
5690
2747
14049
10890
16014
15734
9075
18774
1104
10575
815
14833
11871
12755
8412
11688
6282
7976
13580
12410
11580
1592
11168
6105
9383
938
12013
1184
7079
12998
9299
11365
10064
839
3503
9091
20870
7850
13160
331
11226
9743
14328
4118
12456
9824
12040
13720
742
11486
9897
10575
12643
254
6875
12215
11499
10105
7854
862
601
2945
11565
1437
14265
11549
8670
13433
11044
1640
16562
14318
9003
5519
13042
11839
18062
9143
20072
482
2005
10920
10097
11311
1164
11758
7680
9408
10152
13488
14073
11214
12296
10218
1964
11833
9274
8979
11276
11188
9761
12985
10801
12375
11721
872
15336
14171
627
322
10521
14330
734
10720
13955
12801
10565
13126
11510
10858
919
14262
10871
18088
11354
2609
9933
775
8871
545
4316
9642
10574
10241
10046
5008
10242
19100
8889
74
1423
10317
8127
9976
10012
7953
15905
11240
8841
210
4028
11329
11274
1562
13638
8960
146
9383
9987
9950
2936
1394
749
10547
986
12756
2187
14887
954
12361
3813
10528
10508
14438
2260
11430
10716
13183
13453
10425
8611
18047
4502
13812
1469
11622
7891
1980
12282
2231
562
9138
6995
6798
321
9623
8342
13026
12072
11447
1418
14892
9092
1226
12302
10637
4622
2433
9654
9317
1579
11755
651
9357
7233
12045
10113
15023
599
12817
1726
11673
9178
11846
12712
8437
12468
2744
8279
13655
9280
540
7515
11760
13563
912
6943
13354
13959
8965
2369
1256
9412
1444
11608
16290
10697
6093
18687
15257
13138
12840
10023
11079
8351
5061
15642
4227
594
8621
12181
947
9169
7603
11648
4758
7877
206
10015
18395
11324
10936
12316
1547
77
12145
17209
9618
10612
1040
8034
1004
10124
700
537
1110
8949
10783
11026
10169
14774
276
12300
11810
1497
5120
10765
11058
5125
3897
12254
9708
13720
13827
284
8801
5296
16853
1926
10065
15061
7126
369
10210
1351
3305
3465
6471
11072
6930
10930
885
10577
8891
12828
13576
6537
14854
1170
14839
15235
11645
9376
12662
8172
11600
548
893
12866
9934
1272
14291
13993
9478
2259
10051
11132
1135
5435
7419
8146
14471
9908
17475
14502
6132
11629
28837
2753
10174
7087
9836
14998
11863
9360
15166
10906
9782
5444
10092
10790
9426
13075
17693
12600
784
9385
10197
10103
9024
9234
1964
11271
10249
2128
15613
9247
7923
11232
8706
15149
899
13409
11543
10407
10968
7632
4288
12843
8884
8656
10643
8175
17441
9944
12822
16689
9712
13371
12817
4197
14075
13554
10681
12372
7183
10694
1340
542
1929
454
14411
2118
2626
10876
6625
12973
683
8127
1342
12255
2512
10628
10760
9306
4071
10859
408
9393
9586
11435
10932
8712
20040
9946
4770
16034
1336
13091
9970
419
10301
15885
11155
1520
305
13940
54
1098
11647
15789
8998
9403
139
7092
3519
629
11217
15968
14577
832
19521
12533
487
6213
7915
5420
7362
1014
10792
15896
14614
10942
10233
1058
10207
8747
599
11513
14341
1283
7905
10048
14049
11952
5214
11635
21567
18026
9047
1593
9990
860
577
8028
11956
1333
14027
16390
13673
11050
10592
10709
11870
14008
12837
1512
9916
2246
12112
11398
11298
10520
1189
996
11798
1705
794
17076
12406
1747
1637
703
6598
10905
8273
2142
9497
10297
7715
2074
4574
11148
10844
12248
12327
13016
9362
7878
2116
9138
13524
12324
10454
10090
4958
11471
161
13836
11551
843
14656
299
8737
14363
1126
10894
17511
11151
10740
1832
8145
3023
12487
9290
789
13205
14114
15201
4873
11821
626
14969
9066
15146
1074
10910
542
14141
15165
818
11690
6569
4321
328
7422
1587
11991
8429
146
11297
9004
12645
4344
9154
10297
10248
11384
17775
10827
4480
10050
11423
15763
10141
366
10621
11558
5130
9970
13527
11921
11163
439
9421
9686
6709
9188
3733
16427
2481
12931
5865
12155
12535
11474
10255
11937
12829
10709
1266
5770
5565
1830
11344
702
479
1718
2815
15616
9567
5667
800
8152
464
4105
10098
12792
5460
11010
2893
1281
17777
14840
15263
9472
11180
13200
1358
8950
8110
8174
6487
9624
3296
16102
12947
3287
11172
1413
12209
10553
11503
15893
5876
345
16321
10917
1478
567
522
10092
5957
12993
745
11370
12018
11052
15295
15110
11414
15085
9391
7240
9510
13803
13001
15036
9507
11228
16280
10704
11741
3415
3749
8033
9537
7202
9270
1038
10515
8492
11674
22637
16554
10822
12557
585
10088
4691
14481
4104
10051
9857
2749
433
4105
14243
424
16336
11177
329
2220
11990
2078
11316
1520
9448
12165
2005
1490
342
8574
16344
