3.00 10280.49
5.00 12763.20
3.00 8043.21
4.00 11902.46
0.00 688.67
0.00 1540.48
4.00 14404.44
4.00 11396.65
5.00 13626.04
3.00 12334.91
4.00 12353.19
19.00 10394.67
1.00 2085.94
4.00 864.91
2.00 12316.33
3.00 20109.07
5.00 5630.60
0.00 347.79
3.00 12635.43
3.00 12938.33
4.00 12708.13
3.00 11852.07
5.00 18574.03
4.00 12255.97
1.00 2027.60
3.00 13674.30
1.00 1116.12
0.00 698.11
3.00 15993.47
4.00 16230.27
3.00 11632.01
3.00 13402.91
0.00 1136.25
3.00 8995.06
3.00 16202.53
2.00 12805.02
7.00 11729.29
4.00 12666.89
2.00 14470.45
4.00 11900.06
5.00 12435.44
1.00 1048.12
2.00 16193.00
3.00 17536.62
5.00 4749.17
3.00 11179.79
5.00 12892.72
4.00 12883.79
3.00 13558.60
3.00 13645.27
1.00 1147.16
1.00 980.18
4.00 18507.70
4.00 12197.29
13.00 17721.00
1.00 671.44
4.00 8571.26
4.00 12232.51
4.00 13525.96
2.00 12151.25
1.00 1013.00
2.00 13377.12
3.00 10723.70
3.00 17889.06
1.00 727.04
4.00 12570.38
3.00 10415.12
3.00 13456.65
6.00 12201.15
1.00 17356.99
3.00 10098.66
4.00 11588.94
4.00 7582.29
2.00 8238.15
12.00 11549.10
3.00 10870.92
0.00 1107.63
4.00 6960.99
4.00 6052.30
3.00 10423.13
1.00 563.03
2.00 8510.75
4.00 2158.95
1.00 3563.68
37.00 12502.16
6.00 11658.55
1.00 1051.81
3.00 8131.45
4.00 10423.67
1.00 1069.11
5.00 11868.55
0.00 902.21
3.00 11796.45
3.00 13903.01
4.00 9849.67
5.00 6238.88
2.00 7781.23
21.00 2190.21
2.00 17697.92
4.00 8600.63
1.00 1603.19
6.00 1262.45
4.00 12226.56
1.00 895.37
5.00 2862.94
3.00 11032.74
1.00 1139.64
5.00 409.54
5.00 1260.21
4.00 8986.63
3.00 16271.41
2.00 11198.44
3.00 13296.18
3.00 2403.15
3.00 8774.08
2.00 11184.95
4.00 12936.53
1.00 1225.57
0.00 3820.42
3.00 14254.54
1.00 9177.71
3.00 9421.54
3.00 18241.26
3.00 13390.17
4.00 18844.93
4.00 8684.04
4.00 5460.35
1.00 718.39
1.00 5216.44
3.00 13304.11
20.00 2728.29
2.00 19660.88
4.00 13281.36
4.00 13753.45
1.00 884.01
1.00 2387.31
4.00 16743.50
4.00 1386.67
5.00 12447.34
19.00 1300.82
5.00 1350.60
4.00 15940.88
1.00 561.96
4.00 12905.54
3.00 12154.90
3.00 17527.47
2.00 16684.80
3.00 8644.89
2.00 14217.22
1.00 1260.81
16.00 2805.24
4.00 13286.45
1.00 1141.40
1.00 672.45
3.00 11547.74
0.00 1638.46
1.00 1166.49
2.00 14446.54
2.00 10664.08
2.00 15338.84
5.00 1215.27
3.00 8610.34
4.00 1540.44
5.00 10175.24
3.00 12257.87
4.00 900.67
1.00 7687.22
3.00 11761.54
4.00 14334.66
4.00 11109.47
3.00 20468.16
3.00 18820.60
5.00 8429.30
3.00 4855.52
0.00 4355.52
5.00 1816.19
1.00 1151.91
3.00 12709.68
1.00 831.99
4.00 9203.05
2.00 14485.78
5.00 10814.43
2.00 11515.85
3.00 12005.02
2.00 13653.46
0.00 478.86
1.00 907.21
5.00 11092.05
4.00 9394.64
0.00 6033.52
4.00 10681.14
4.00 11171.84
2.00 8210.45
2.00 15656.62
3.00 1181.58
5.00 14363.19
5.00 7256.35
3.00 14462.36
1.00 -119.60
0.00 635.43
3.00 12169.60
4.00 3285.96
3.00 7356.42
0.00 1237.08
1.00 1175.82
0.00 1029.39
4.00 14601.99
3.00 12897.93
4.00 10971.13
0.00 1008.72
0.00 951.03
2.00 12921.66
4.00 11027.25
2.00 15439.22
5.00 10140.78
3.00 3348.24
3.00 11877.51
17.00 4501.48
2.00 10510.51
4.00 8185.59
3.00 530.77
2.00 12132.44
4.00 5669.62
3.00 11214.53
3.00 20252.13
3.00 14532.54
1.00 2122.21
5.00 3692.58
1.00 2869.61
22.00 2928.99
1.00 24246.09
3.00 13277.01
1.00 1399.30
4.00 9705.84
4.00 14031.13
3.00 12545.71
4.00 12598.05
18.00 8737.85
4.00 11766.98
4.00 11742.02
1.00 5516.47
3.00 9196.81
2.00 11474.40
0.00 1095.36
2.00 1261.26
1.00 1927.73
4.00 12697.16
5.00 9190.14
1.00 7557.21
0.00 2200.73
3.00 14567.13
5.00 10264.21
2.00 1078.66
3.00 12856.21
0.00 768.71
5.00 5554.02
1.00 1450.26
3.00 11357.98
3.00 13019.81
35.00 10976.89
3.00 13923.01
4.00 6908.92
2.00 14993.67
4.00 9076.14
14.00 16134.07
2.00 13087.09
0.00 4070.01
3.00 13407.73
4.00 1443.32
5.00 14546.40
1.00 836.87
4.00 13135.59
10.00 13090.14
2.00 10464.68
1.00 467.06
2.00 567.15
0.00 2026.91
2.00 11928.59
4.00 9353.17
17.00 3782.16
1.00 937.13
4.00 12043.47
39.00 10534.84
3.00 13457.09
1.00 1143.54
4.00 7629.76
6.00 19426.72
1.00 948.49
4.00 11385.79
5.00 7922.25
3.00 9816.04
1.00 717.79
3.00 1005.71
4.00 6532.42
3.00 11497.54
0.00 883.06
3.00 10767.32
3.00 8517.41
2.00 20558.13
20.00 5267.41
3.00 9114.40
4.00 4303.50
0.00 856.70
70.00 515.37
5.00 14040.19
1.00 9797.89
3.00 10529.33
0.00 373.09
1.00 4248.61
1.00 1344.25
1.00 631.19
3.00 14311.21
0.00 431.82
4.00 11159.22
16.00 1889.44
1.00 1998.39
3.00 9185.54
4.00 807.72
4.00 2992.83
0.00 445.07
0.00 842.81
3.00 11186.21
1.00 3116.34
5.00 2203.26
1.00 685.54
4.00 12354.12
2.00 13989.49
5.00 4052.63
2.00 15991.70
4.00 7726.65
3.00 12721.03
0.00 2735.71
5.00 11425.14
4.00 13569.54
1.00 1714.38
0.00 755.45
6.00 11594.15
1.00 781.30
5.00 10350.73
3.00 14398.53
4.00 1822.57
2.00 16162.77
3.00 13876.27
3.00 15590.54
3.00 8484.23
0.00 897.66
4.00 12693.68
4.00 13772.93
14.00 4961.86
0.00 1193.20
3.00 11154.50
3.00 11295.52
3.00 1188.39
5.00 13160.34
4.00 12242.63
3.00 13702.27
1.00 1680.91
1.00 8706.20
4.00 12156.72
72.00 11443.29
4.00 10136.93
3.00 11392.79
4.00 11025.29
4.00 7427.16
4.00 12856.48
2.00 11420.22
1.00 11726.46
5.00 7240.87
0.00 1012.41
4.00 11539.37
3.00 12796.66
2.00 15954.85
20.00 12607.27
3.00 14297.63
5.00 416.85
5.00 10008.41
3.00 16220.99
3.00 12137.69
0.00 731.60
1.00 758.55
4.00 11779.00
2.00 14097.35
3.00 12868.85
3.00 18621.63
1.00 2224.42
2.00 12494.37
4.00 12222.99
3.00 14625.45
4.00 7371.36
1.00 2742.82
26.00 7212.03
17.00 3685.78
3.00 13638.94
1.00 816.57
1.00 870.24
1.00 422.15
1.00 302.54
13.00 13475.97
1.00 844.63
20.00 9500.57
3.00 1405.83
3.00 13534.02
0.00 352.15
3.00 14529.01
0.00 966.18
2.00 14661.54
4.00 11158.54
17.00 9972.08
3.00 13834.64
3.00 12567.64
4.00 21910.19
1.00 923.68
0.00 1058.61
3.00 14543.43
4.00 16701.72
3.00 12810.55
3.00 11857.83
3.00 1316.64
0.00 951.91
1.00 1053.67
52.00 10884.02
1.00 5564.67
4.00 18324.46
22.00 11905.36
3.00 16551.46
3.00 12596.69
1.00 448.02
1.00 4331.03
5.00 6079.22
3.00 10799.14
4.00 13317.41
1.00 783.04
14.00 11817.85
4.00 9589.07
4.00 2661.10
4.00 13057.31
4.00 1319.99
5.00 11519.97
5.00 3291.76
23.00 6477.18
4.00 5368.00
65.00 10407.13
4.00 3739.60
3.00 14134.02
0.00 661.03
4.00 12541.56
5.00 6901.86
0.00 769.46
4.00 3692.56
2.00 13896.27
2.00 12127.90
0.00 3150.38
3.00 2521.91
1.00 1770.62
0.00 1564.81
1.00 1851.71
4.00 2125.45
3.00 19469.63
3.00 14710.40
3.00 11226.84
4.00 10489.13
1.00 2409.90
4.00 14019.13
2.00 17753.93
3.00 13798.07
4.00 406.05
1.00 946.06
3.00 12907.29
4.00 13025.07
3.00 13047.28
3.00 14761.39
1.00 1443.15
3.00 7837.39
4.00 12244.30
18.00 9342.94
3.00 15440.05
0.00 972.67
3.00 11484.59
1.00 1149.25
3.00 16138.29
4.00 1961.48
4.00 11029.64
2.00 -626.44
2.00 18190.08
3.00 2756.57
0.00 1006.95
1.00 1032.57
4.00 11560.49
4.00 11574.76
1.00 875.00
2.00 12917.36
4.00 7014.37
3.00 6564.75
1.00 1051.34
3.00 10155.13
3.00 12270.13
0.00 763.14
3.00 11756.32
3.00 11650.42
2.00 13685.66
1.00 3659.69
4.00 11392.69
3.00 3049.59
3.00 12402.90
4.00 1116.69
4.00 3346.37
4.00 8064.37
4.00 353.62
4.00 12151.77
3.00 11570.05
19.00 5673.10
3.00 14890.02
7.00 2066.84
4.00 11890.47
0.00 2127.78
3.00 12080.66
3.00 13461.68
37.00 2042.44
3.00 12120.05
4.00 4169.73
3.00 9800.88
4.00 11983.75
2.00 815.91
3.00 12677.26
1.00 864.52
0.00 951.13
1.00 229.72
5.00 11825.71
0.00 667.09
4.00 10468.20
21.00 10400.56
4.00 12828.99
3.00 16225.47
0.00 1000.67
3.00 12281.70
1.00 551.27
3.00 14855.30
1.00 5895.03
3.00 12397.05
9.00 11951.54
0.00 869.23
1.00 2048.88
3.00 9525.39
4.00 10172.44
3.00 2428.73
4.00 11971.74
3.00 13168.07
4.00 5763.29
3.00 11029.60
3.00 10653.11
4.00 12847.46
0.00 1702.65
4.00 17334.32
5.00 8251.74
3.00 12052.00
4.00 1318.52
2.00 11490.83
2.00 10936.96
3.00 12979.21
3.00 12561.62
3.00 12722.74
3.00 11906.42
3.00 11911.03
6.00 2632.60
1.00 722.78
4.00 1279.03
1.00 4170.06
5.00 11843.31
4.00 11248.61
1.00 7764.62
1.00 3650.06
5.00 12833.86
1.00 1770.79
3.00 14800.32
3.00 12610.90
2.00 11027.19
4.00 12876.53
3.00 14843.38
3.00 1771.73
20.00 2493.60
4.00 11709.19
2.00 16638.70
3.00 13314.97
1.00 4892.97
3.00 3438.25
3.00 8452.55
4.00 768.25
0.00 613.77
1.00 1031.20
1.00 4565.36
4.00 12129.84
4.00 7079.29
2.00 14007.42
28.00 14445.86
4.00 8891.37
1.00 1163.29
3.00 11774.41
4.00 11711.84
4.00 10039.02
4.00 13218.70
2.00 15936.73
3.00 13935.61
1.00 637.10
4.00 10476.85
6.00 12914.10
1.00 1097.76
3.00 11077.25
3.00 22214.76
1.00 814.40
4.00 13103.64
3.00 12880.11
3.00 11839.01
3.00 21830.24
4.00 9418.58
2.00 11114.24
1.00 1035.81
1.00 751.48
3.00 14354.28
1.00 8617.54
4.00 1660.83
6.00 10736.86
0.00 820.78
0.00 333.72
3.00 13355.91
4.00 1926.40
2.00 11880.34
1.00 3632.64
4.00 15697.66
1.00 1118.02
3.00 9892.58
3.00 12734.34
4.00 13477.68
2.00 10969.46
5.00 11087.97
4.00 13288.99
3.00 18296.28
19.00 5943.17
0.00 294.47
2.00 10317.12
3.00 20628.54
3.00 23012.82
1.00 772.45
1.00 1055.37
18.00 2213.02
3.00 12572.58
0.00 1008.47
2.00 12943.94
3.00 11429.67
1.00 6175.02
2.00 10900.29
3.00 5255.13
3.00 10099.74
5.00 9002.13
48.00 8452.63
4.00 12966.53
5.00 3160.59
3.00 16164.27
4.00 2072.87
19.00 2324.27
4.00 12020.92
30.00 4550.54
5.00 8281.18
4.00 14455.45
0.00 760.42
5.00 10479.98
3.00 10796.34
1.00 1140.88
5.00 5751.75
3.00 17160.45
1.00 1209.42
1.00 1179.19
4.00 16391.13
3.00 19465.00
1.00 7495.07
0.00 656.30
3.00 10171.79
4.00 14712.37
2.00 15321.93
3.00 11915.71
18.00 2939.79
1.00 709.81
4.00 12444.37
3.00 12024.57
3.00 5888.27
3.00 988.61
1.00 1286.16
3.00 11007.01
4.00 7861.47
3.00 17768.79
1.00 924.29
3.00 19864.32
3.00 17535.26
5.00 2043.57
1.00 1304.40
3.00 13147.49
4.00 12149.65
4.00 9096.95
0.00 1160.12
3.00 11820.97
1.00 1032.02
3.00 10981.77
3.00 2656.76
3.00 1920.56
4.00 13781.99
3.00 10124.26
4.00 12701.61
4.00 1883.33
3.00 11627.42
5.00 1194.59
3.00 12516.84
1.00 777.21
4.00 5393.66
19.00 17427.19
0.00 702.54
4.00 5518.24
2.00 17063.83
3.00 19283.28
3.00 10436.46
4.00 13222.40
3.00 11058.32
5.00 8262.06
4.00 930.17
3.00 4106.54
1.00 1954.20
5.00 1405.62
4.00 11308.29
2.00 11558.72
3.00 12672.53
4.00 6228.96
3.00 15102.83
21.00 10009.62
1.00 1063.57
2.00 15001.58
1.00 1079.98
4.00 10674.73
3.00 13602.53
3.00 14488.32
4.00 3716.86
4.00 10939.81
0.00 829.31
0.00 672.63
0.00 982.92
1.00 1013.99
0.00 848.46
3.00 12862.07
4.00 12426.62
4.00 10820.37
3.00 12998.34
2.00 14274.07
3.00 16341.10
4.00 17467.38
1.00 987.11
2.00 5967.04
3.00 13140.42
5.00 9800.95
4.00 12286.54
5.00 3917.29
3.00 15376.92
5.00 4952.68
1.00 986.83
4.00 13497.53
4.00 12620.65
5.00 1342.33
14.00 14455.47
4.00 6389.69
2.00 13455.20
2.00 11235.28
3.00 11813.09
4.00 10380.00
2.00 13225.81
3.00 14749.06
3.00 13143.36
5.00 1495.28
4.00 9742.08
2.00 2613.75
4.00 826.83
2.00 13179.76
20.00 12442.72
5.00 19447.16
4.00 11853.26
17.00 10858.82
2.00 11856.42
4.00 15199.61
2.00 15227.77
1.00 1483.39
2.00 11592.20
5.00 4433.96
4.00 971.80
2.00 15395.83
3.00 1245.34
1.00 749.16
3.00 22761.76
2.00 15237.52
3.00 11568.80
1.00 1007.71
4.00 9816.97
5.00 1788.48
5.00 14093.95
1.00 1146.32
1.00 2191.18
0.00 1855.28
1.00 1306.49
3.00 18691.09
4.00 16620.31
3.00 2168.09
3.00 13880.80
54.00 6826.50
3.00 12295.90
1.00 2137.78
3.00 12635.97
3.00 13514.82
1.00 927.12
5.00 12132.24
3.00 11421.53
2.00 8399.31
4.00 11273.56
27.00 12589.38
4.00 14020.69
2.00 8657.36
3.00 11207.29
0.00 819.27
1.00 876.11
0.00 1241.94
4.00 6982.78
3.00 10230.37
4.00 10863.18
2.00 2347.48
3.00 14208.74
0.00 700.00
1.00 547.59
1.00 606.57
3.00 14516.47
4.00 1895.15
3.00 12715.76
20.00 8508.91
1.00 15092.63
3.00 15541.55
1.00 4039.34
4.00 14797.98
4.00 6495.36
4.00 11168.61
0.00 680.73
3.00 16742.69
20.00 1377.00
4.00 1357.32
1.00 5683.65
0.00 748.14
4.00 3051.64
2.00 13525.70
4.00 11820.54
1.00 1243.18
5.00 9717.01
4.00 1856.37
4.00 13422.41
4.00 12248.31
4.00 10874.67
4.00 12751.51
4.00 3220.84
1.00 8664.25
1.00 957.36
4.00 16383.34
3.00 13222.04
3.00 2484.65
3.00 12413.41
4.00 16409.00
3.00 10943.71
40.00 2930.71
4.00 12548.17
21.00 13684.30
2.00 8280.72
0.00 963.84
3.00 15311.19
1.00 7159.48
4.00 14027.94
1.00 1137.11
4.00 11095.25
0.00 898.24
3.00 12860.02
3.00 11569.05
5.00 12324.73
4.00 15446.85
3.00 11028.07
4.00 707.06
5.00 13824.45
0.00 545.46
2.00 13350.27
1.00 930.40
4.00 12892.85
5.00 14339.40
0.00 888.73
1.00 1254.72
5.00 12879.75
3.00 11107.92
3.00 11956.32
4.00 12042.31
3.00 13397.15
3.00 10032.42
0.00 623.09
3.00 14666.09
95.00 11525.12
2.00 8929.30
3.00 17516.65
0.00 -184.09
1.00 782.93
3.00 13038.65
3.00 10149.44
4.00 12212.27
5.00 11928.00
3.00 10768.23
24.00 1370.51
1.00 15508.07
4.00 11855.92
2.00 12432.65
3.00 11701.60
4.00 1217.46
4.00 11671.74
4.00 7662.93
3.00 10577.36
2.00 9508.91
1.00 3716.89
4.00 8075.23
3.00 17416.66
3.00 12248.32
3.00 11385.50
2.00 10472.30
5.00 4208.52
4.00 12530.00
3.00 1655.97
3.00 16063.81
1.00 971.89
0.00 633.39
1.00 1986.83
5.00 11152.98
3.00 10793.42
6.00 12214.65
4.00 11619.67
2.00 10019.35
4.00 1477.66
3.00 9382.89
3.00 5265.55
3.00 12401.56
1.00 1329.30
4.00 11553.98
2.00 11700.18
3.00 9709.95
0.00 375.72
4.00 1415.58
3.00 17402.54
18.00 9316.90
4.00 12364.32
1.00 8507.25
2.00 7678.15
2.00 12934.68
0.00 525.80
3.00 15022.48
3.00 14593.63
3.00 6542.54
134.00 14930.36
2.00 19009.90
0.00 652.02
0.00 304.15
3.00 13601.98
0.00 2241.12
4.00 2691.59
6.00 10103.64
0.00 371.43
2.00 11230.31
1.00 725.86
3.00 10507.04
0.00 1104.68
1.00 409.41
19.00 12279.00
23.00 7035.44
0.00 990.79
3.00 16809.42
4.00 13714.47
1.00 9167.28
3.00 12391.56
1.00 1535.81
25.00 7786.00
1.00 6848.30
4.00 16522.59
4.00 12293.85
5.00 2137.91
0.00 1050.69
2.00 14893.84
4.00 11514.91
25.00 9502.35
4.00 9029.05
5.00 13172.74
2.00 724.27
4.00 7815.49
3.00 13278.69
3.00 12954.28
22.00 8157.97
3.00 15348.81
3.00 13213.12
4.00 1303.55
1.00 1047.54
4.00 10236.50
4.00 14162.64
3.00 8943.47
3.00 11937.81
3.00 18293.04
3.00 4435.90
3.00 13282.89
3.00 9340.56
3.00 12085.57
2.00 13377.91
4.00 6462.81
3.00 16253.74
2.00 10514.49
4.00 281.00
2.00 10517.80
4.00 15038.79
2.00 4399.66
0.00 613.22
3.00 7640.16
1.00 2024.45
35.00 8240.07
2.00 14091.56
4.00 12010.39
3.00 12829.40
5.00 10242.81
0.00 629.90
1.00 572.59
3.00 14077.76
4.00 11632.07
4.00 10114.31
1.00 1441.20
3.00 20139.20
4.00 6983.58
0.00 772.04
5.00 10519.95
3.00 12439.90
4.00 2587.40
3.00 16676.05
3.00 14476.04
4.00 5741.67
5.00 1469.90
3.00 12270.91
4.00 12668.79
2.00 14273.46
0.00 766.33
3.00 13266.87
0.00 1310.02
4.00 13308.09
0.00 686.98
2.00 11529.70
5.00 13977.38
4.00 10262.44
19.00 3553.34
19.00 12888.08
4.00 1906.99
3.00 12349.29
3.00 11838.85
5.00 14051.94
3.00 20362.19
3.00 15872.40
19.00 9458.52
4.00 14663.77
3.00 5918.97
4.00 1028.93
3.00 11817.32
0.00 983.02
4.00 12872.70
0.00 625.64
4.00 1414.89
4.00 12102.03
2.00 11825.07
3.00 8302.92
1.00 887.48
4.00 9224.07
7.00 3197.09
1.00 5115.65
4.00 9336.36
5.00 6581.73
1.00 842.68
4.00 12419.33
5.00 12236.60
4.00 16078.06
4.00 12864.36
5.00 8480.06
3.00 17670.52
4.00 1222.16
3.00 11160.51
5.00 4783.81
4.00 13189.73
3.00 11465.84
2.00 14283.97
3.00 11641.95
1.00 759.87
5.00 6903.92
4.00 11896.73
4.00 7990.09
2.00 17389.05
3.00 1019.27
4.00 9802.40
4.00 11264.06
0.00 917.46
0.00 507.77
3.00 1268.39
4.00 8906.75
3.00 13058.35
3.00 10717.86
1.00 932.02
3.00 14136.66
7.00 5741.27
4.00 17142.48
4.00 12174.02
1.00 7560.39
4.00 1396.87
3.00 12215.22
1.00 158.34
3.00 4165.33
4.00 13504.48
1.00 738.14
5.00 10630.19
0.00 970.94
3.00 8002.25
4.00 1294.35
3.00 12821.37
0.00 706.58
1.00 694.95
1.00 7574.83
3.00 3936.35
3.00 12739.04
20.00 6053.49
4.00 13602.61
1.00 719.72
0.00 1162.58
24.00 11767.77
0.00 705.36
3.00 13031.66
4.00 1750.76
22.00 2171.41
2.00 13294.64
2.00 7688.09
1.00 3786.94
5.00 481.95
1.00 2995.78
0.00 1057.25
1.00 117.99
4.00 10977.73
3.00 9587.01
3.00 11061.16
0.00 1038.18
5.00 12203.93
4.00 11452.88
3.00 5573.75
2.00 2203.24
4.00 13832.56
1.00 753.26
3.00 12195.57
4.00 11240.86
5.00 8962.86
1.00 1075.84
2.00 11007.99
4.00 7478.59
4.00 11196.83
3.00 13238.79
4.00 3674.88
4.00 13756.46
1.00 6802.96
3.00 12524.40
4.00 12094.43
18.00 9969.01
4.00 927.57
4.00 5436.08
3.00 5811.65
4.00 11519.80
1.00 2115.67
4.00 8885.00
6.00 7627.70
4.00 17087.54
3.00 12844.01
4.00 12641.68
3.00 14101.74
2.00 14508.46
4.00 1492.26
4.00 8520.11
4.00 3255.30
5.00 2494.70
0.00 183.14
0.00 690.57
1.00 1301.03
4.00 12685.71
3.00 7542.79
1.00 662.84
5.00 17971.99
3.00 16156.90
3.00 10960.98
3.00 13172.90
3.00 12274.97
3.00 14769.10
3.00 11039.02
2.00 11023.67
1.00 13524.84
3.00 12305.48
0.00 353.39
4.00 4869.36
2.00 2192.03
3.00 2014.36
5.00 12746.83
1.00 1303.49
4.00 12794.56
4.00 12582.65
5.00 3348.42
5.00 10767.95
2.00 17701.81
4.00 10679.27
3.00 13372.04
3.00 2554.76
4.00 8883.74
0.00 756.52
1.00 919.17
1.00 751.38
4.00 15612.33
0.00 1166.31
1.00 939.71
3.00 22118.48
2.00 9958.47
1.00 7391.68
0.00 816.81
3.00 10264.40
4.00 15454.10
0.00 819.54
4.00 148.98
3.00 8646.98
3.00 7543.23
2.00 13353.79
3.00 9214.59
3.00 5942.32
4.00 15682.56
3.00 13358.41
3.00 12713.82
4.00 11333.42
2.00 18143.12
4.00 9771.82
3.00 6994.44
1.00 621.99
1.00 889.01
0.00 632.04
4.00 12086.99
4.00 9960.24
3.00 11601.89
2.00 3423.93
3.00 9725.32
23.00 8214.67
4.00 1778.98
5.00 4036.93
4.00 9448.26
4.00 11870.23
4.00 12790.31
11.00 10139.32
4.00 10838.37
4.00 1983.42
13.00 13470.20
5.00 13432.54
1.00 757.98
3.00 13873.55
4.00 4649.72
4.00 11886.16
4.00 12172.28
4.00 12972.02
3.00 590.00
1.00 5168.48
3.00 15520.24
4.00 12974.08
4.00 12276.11
3.00 16291.79
1.00 1047.27
5.00 771.84
3.00 864.34
16.00 15645.97
3.00 12324.70
3.00 11097.69
3.00 11174.40
4.00 8776.44
3.00 1291.88
4.00 11134.52
27.00 11943.12
1.00 839.99
1.00 3144.14
3.00 1227.68
5.00 11999.72
2.00 12548.28
3.00 11444.01
4.00 11684.88
3.00 9801.63
3.00 8418.29
3.00 13037.90
4.00 974.56
17.00 2715.52
4.00 13238.70
3.00 1739.03
3.00 13090.78
3.00 9585.39
0.00 2145.11
4.00 15532.67
4.00 11729.86
5.00 6540.02
20.00 7064.32
1.00 1018.94
0.00 1086.10
3.00 666.14
4.00 11456.38
5.00 10252.99
2.00 12658.62
0.00 1071.64
4.00 12632.24
5.00 11768.74
4.00 12741.25
4.00 7186.73
3.00 4971.52
3.00 11666.74
3.00 15790.49
2.00 16863.73
5.00 -485.11
0.00 -12.27
3.00 12950.97
1.00 689.03
2.00 12359.39
55.00 11588.09
4.00 1432.17
4.00 879.02
19.00 12483.99
4.00 2044.26
4.00 9128.73
3.00 13358.29
1.00 782.40
3.00 16100.13
4.00 9122.83
0.00 990.61
5.00 2419.08
3.00 16177.08
14.00 7471.69
3.00 16100.35
0.00 837.02
2.00 13387.01
3.00 12351.33
17.00 8109.90
0.00 877.14
1.00 1032.11
5.00 284.41
1.00 11245.87
4.00 12524.78
1.00 634.44
4.00 1030.58
4.00 18828.13
4.00 14218.40
4.00 10520.72
4.00 13692.32
23.00 9508.63
3.00 11655.65
1.00 649.32
0.00 616.20
4.00 1793.24
3.00 12308.51
3.00 10682.07
4.00 2336.66
5.00 7526.80
2.00 12186.14
21.00 4260.39
3.00 16195.54
3.00 12332.46
3.00 10711.49
2.00 9365.69
4.00 12136.27
3.00 633.82
1.00 839.51
3.00 7188.27
5.00 6682.22
2.00 11951.94
3.00 12626.71
0.00 857.79
0.00 969.14
3.00 13776.04
5.00 15834.10
3.00 9573.81
5.00 2068.04
4.00 2430.59
1.00 527.23
5.00 11505.04
4.00 1979.52
2.00 11059.58
2.00 8380.85
2.00 10766.32
4.00 9565.88
1.00 790.26
3.00 13698.47
0.00 672.14
21.00 7682.97
1.00 5265.43
1.00 1047.95
5.00 2069.28
4.00 8781.26
0.00 6840.76
0.00 317.50
1.00 23300.98
28.00 11286.66
5.00 8569.94
4.00 11427.05
3.00 8586.41
1.00 846.24
1.00 521.43
2.00 10815.25
3.00 2172.18
3.00 11198.96
4.00 18974.98
3.00 13771.53
2.00 4262.38
0.00 678.58
0.00 623.04
4.00 8579.69
3.00 10113.43
3.00 16696.87
3.00 12305.41
4.00 1831.14
3.00 10395.63
3.00 10492.41
0.00 739.61
3.00 10213.85
2.00 11764.55
5.00 14325.84
3.00 16136.39
4.00 14007.02
1.00 975.46
2.00 12193.72
3.00 11259.76
1.00 200.96
1.00 818.58
24.00 841.21
3.00 12524.40
0.00 1169.25
2.00 20560.63
4.00 11598.54
3.00 12890.98
4.00 13787.50
0.00 792.36
4.00 7773.91
0.00 664.00
0.00 292.02
4.00 13363.17
1.00 589.52
1.00 3472.76
3.00 13463.19
3.00 9326.68
1.00 1135.11
1.00 10272.18
4.00 1081.35
4.00 8086.70
1.00 615.85
11.00 2534.49
3.00 14776.99
4.00 14727.88
5.00 12940.65
2.00 12643.42
3.00 13344.52
1.00 2817.53
3.00 14869.12
3.00 12856.11
0.00 1067.00
22.00 14322.97
3.00 11678.04
4.00 12430.32
3.00 14270.90
1.00 11679.36
4.00 4817.61
5.00 2538.05
5.00 1399.78
2.00 14520.28
5.00 9961.99
23.00 14086.93
3.00 6587.41
0.00 752.80
1.00 816.24
3.00 12633.29
4.00 14365.89
3.00 13913.24
8.00 12010.54
4.00 12958.08
4.00 10635.86
1.00 402.03
1.00 1092.10
3.00 9216.84
2.00 13912.58
3.00 16376.90
1.00 806.98
20.00 4793.08
4.00 10635.32
3.00 15595.32
4.00 13882.69
0.00 700.66
1.00 772.23
3.00 13227.27
0.00 877.81
0.00 1083.14
4.00 14055.31
5.00 2167.50
2.00 10177.23
3.00 14255.50
2.00 12342.97
3.00 13433.59
3.00 10794.07
1.00 719.16
23.00 536.60
3.00 11865.42
4.00 13142.94
0.00 936.83
2.00 6293.56
0.00 1049.30
3.00 15575.47
0.00 875.68
3.00 12226.62
4.00 9971.75
3.00 11732.30
4.00 13527.94
21.00 14933.04
1.00 1631.73
3.00 13037.52
5.00 15906.04
3.00 16398.29
17.00 2215.33
4.00 6092.70
0.00 1047.53
3.00 12255.67
3.00 10584.61
4.00 8273.17
4.00 11627.36
3.00 10980.34
2.00 357.82
0.00 517.41
3.00 13349.85
1.00 1063.17
3.00 13451.02
3.00 11223.09
0.00 597.36
0.00 923.86
4.00 8979.82
1.00 6915.09
0.00 593.32
4.00 11206.86
4.00 12580.75
29.00 12773.45
3.00 10650.18
4.00 1907.82
1.00 1086.17
0.00 567.89
4.00 12086.11
4.00 13409.72
1.00 8394.89
1.00 947.80
4.00 3943.72
4.00 12210.87
3.00 16706.71
20.00 2694.38
3.00 11930.21
3.00 8995.29
4.00 13052.50
1.00 698.91
4.00 12603.43
2.00 9074.44
0.00 790.49
4.00 16094.86
4.00 6967.79
5.00 12391.86
4.00 11034.02
4.00 10268.04
4.00 1591.77
4.00 10317.45
2.00 12940.13
3.00 1713.93
0.00 767.21
1.00 20514.39
2.00 14432.43
4.00 6430.68
4.00 6398.34
3.00 6258.15
19.00 3702.52
4.00 12440.65
1.00 4580.72
4.00 11486.01
4.00 12366.31
3.00 10586.30
4.00 12718.61
3.00 8787.07
1.00 642.27
4.00 12658.12
4.00 7614.76
3.00 1264.83
24.00 8041.68
4.00 10570.17
3.00 7268.29
1.00 1028.82
0.00 1278.50
4.00 15700.02
2.00 19868.27
6.00 10391.10
1.00 757.22
4.00 18025.83
19.00 5578.19
5.00 8228.08
3.00 12891.25
4.00 10216.84
5.00 13919.78
0.00 1071.07
0.00 869.01
4.00 1052.19
1.00 8486.95
8.00 2867.01
5.00 11942.11
4.00 11967.53
3.00 8828.98
3.00 13138.97
0.00 6989.42
0.00 1222.47
0.00 621.27
4.00 8670.26
3.00 1671.65
4.00 1975.06
2.00 11180.80
5.00 2067.75
17.00 14889.95
4.00 11183.55
3.00 2206.95
0.00 835.13
4.00 14302.89
1.00 9610.65
4.00 10903.55
5.00 9655.22
4.00 2294.05
4.00 1539.95
4.00 12986.04
1.00 954.46
2.00 11431.74
0.00 451.40
1.00 1181.07
1.00 1640.58
0.00 876.16
4.00 12140.89
3.00 11711.36
0.00 2435.96
2.00 9442.86
1.00 1452.03
4.00 11981.05
24.00 2395.71
0.00 594.50
1.00 650.49
3.00 12973.12
1.00 3258.89
1.00 1297.47
2.00 16377.51
5.00 10336.22
0.00 2218.18
2.00 15866.39
4.00 12545.82
4.00 12019.02
5.00 12579.13
4.00 9967.12
3.00 8105.84
4.00 14163.32
4.00 2509.13
0.00 2104.91
4.00 7402.06
3.00 13158.48
4.00 8532.19
5.00 12044.46
1.00 10238.49
19.00 12576.77
4.00 10882.03
3.00 12566.71
5.00 3696.62
4.00 9135.20
22.00 10147.13
1.00 998.06
2.00 12683.50
5.00 9724.12
3.00 2107.56
4.00 11796.95
4.00 9449.84
3.00 13003.80
4.00 2571.09
2.00 12961.25
2.00 18016.86
3.00 13777.36
3.00 15911.17
3.00 13629.65
3.00 13291.49
2.00 11920.48
3.00 4957.30
5.00 1918.96
3.00 9359.20
4.00 7661.40
4.00 12192.23
3.00 9772.79
3.00 14779.41
2.00 12567.21
3.00 10529.66
4.00 690.22
4.00 13054.15
0.00 1182.50
1.00 1762.30
3.00 11125.85
0.00 465.84
18.00 2155.61
1.00 1603.63
4.00 12695.83
3.00 12373.06
21.00 12661.04
4.00 12661.53
5.00 16572.68
4.00 503.32
4.00 12221.53
0.00 10584.65
5.00 12640.44
4.00 10091.62
11.00 8812.17
3.00 15451.27
2.00 18903.65
5.00 16669.53
4.00 13171.67
3.00 1333.68
1.00 332.62
0.00 584.24
1.00 1311.90
1.00 738.98
4.00 3336.79
5.00 9611.22
5.00 12406.11
0.00 227.17
4.00 12896.71
3.00 9362.40
0.00 1255.43
1.00 1211.38
0.00 960.46
2.00 23586.59
1.00 1356.48
1.00 746.26
2.00 6294.84
3.00 10206.02
4.00 940.70
2.00 13672.60
4.00 12172.66
2.00 16000.06
41.00 1863.27
2.00 15628.51
0.00 623.67
4.00 13407.27
4.00 19750.81
2.00 9945.10
3.00 18553.22
3.00 10873.12
18.00 2170.93
1.00 3981.64
3.00 12050.90
4.00 10381.52
3.00 8195.03
4.00 9253.72
4.00 12692.09
4.00 13533.07
5.00 17870.15
1.00 927.61
1.00 662.38
0.00 487.48
1.00 764.41
1.00 942.11
1.00 465.51
2.00 10506.46
3.00 11613.38
3.00 12056.21
3.00 8201.53
1.00 12294.27
4.00 13113.44
4.00 13046.14
11.00 2542.05
1.00 3558.56
3.00 15966.04
2.00 7062.76
1.00 6602.66
3.00 12418.10
2.00 15548.88
2.00 2649.37
3.00 11729.35
3.00 14426.23
3.00 13178.66
3.00 9570.11
2.00 2233.40
5.00 681.99
2.00 12683.70
5.00 8000.15
3.00 10315.82
3.00 12959.96
14.00 1968.38
3.00 12027.93
4.00 13190.43
3.00 3683.25
4.00 9795.33
1.00 16849.34
4.00 13996.67
4.00 9010.78
3.00 13022.73
5.00 3549.47
10.00 15359.13
0.00 565.62
1.00 777.32
3.00 11048.20
1.00 1083.21
23.00 1773.44
1.00 911.89
1.00 8752.81
0.00 1518.05
4.00 12169.51
4.00 8480.93
6.00 1073.20
3.00 9501.97
3.00 11721.06
4.00 11263.08
4.00 1804.70
4.00 4991.28
17.00 3972.34
2.00 3490.96
2.00 12892.51
0.00 630.90
3.00 3951.53
3.00 11869.74
5.00 11816.45
3.00 1137.11
3.00 12831.13
21.00 2925.81
5.00 5753.17
1.00 607.91
5.00 626.01
3.00 11956.54
4.00 10636.23
1.00 16265.38
3.00 5538.95
0.00 866.79
3.00 12992.04
31.00 10174.89
2.00 11552.11
5.00 1375.21
1.00 6789.77
3.00 10578.67
3.00 12122.12
0.00 729.78
3.00 15986.35
2.00 11882.65
4.00 12861.83
4.00 17259.17
4.00 9072.80
21.00 12042.49
23.00 10609.44
1.00 1885.61
0.00 840.60
4.00 13512.20
21.00 1845.91
21.00 937.42
4.00 1453.60
3.00 11925.46
5.00 2428.13
1.00 837.86
4.00 3991.52
23.00 5488.62
3.00 12474.19
3.00 10139.45
3.00 12235.36
4.00 6540.35
4.00 1765.05
5.00 337.12
4.00 12383.15
3.00 12273.38
4.00 7026.26
16.00 722.63
1.00 1852.74
1.00 739.73
3.00 11442.26
3.00 8828.83
4.00 2137.19
3.00 19802.99
3.00 8832.09
4.00 11640.98
5.00 11810.16
4.00 6093.05
5.00 2276.14
2.00 1273.26
0.00 1950.47
2.00 12588.13
3.00 15838.78
3.00 14243.97
4.00 11515.71
3.00 8050.10
5.00 6047.83
20.00 10238.10
4.00 13368.29
3.00 11934.45
9.00 12273.53
26.00 2074.42
3.00 13236.88
5.00 12637.54
4.00 14796.13
5.00 11280.06
4.00 10514.46
23.00 4503.38
4.00 12437.17
4.00 8339.65
4.00 894.36
4.00 9873.08
0.00 912.31
4.00 12172.58
4.00 10168.50
4.00 1557.15
1.00 849.72
5.00 4531.61
4.00 10664.91
1.00 1242.96
2.00 9640.54
1.00 954.29
3.00 11785.82
1.00 9039.05
1.00 10349.63
23.00 11926.87
3.00 12129.53
4.00 6845.48
22.00 7547.15
3.00 13312.88
1.00 19107.20
5.00 10495.56
4.00 6940.92
5.00 4433.56
3.00 1667.94
2.00 12149.42
2.00 12114.40
5.00 786.50
2.00 14537.18
1.00 976.80
2.00 13230.44
3.00 14318.48
3.00 2727.59
2.00 12821.26
4.00 9999.07
3.00 12976.02
3.00 12036.41
1.00 2342.68
3.00 1536.78
3.00 13570.40
1.00 8767.61
5.00 10329.19
4.00 2238.81
0.00 533.46
3.00 12747.65
4.00 1064.19
3.00 11641.39
4.00 1130.94
4.00 6760.14
4.00 11944.91
3.00 13941.87
3.00 13134.02
4.00 11994.01
3.00 5209.10
5.00 7078.60
21.00 12268.87
3.00 7819.85
5.00 13081.15
3.00 16694.24
2.00 12286.15
3.00 12564.29
3.00 13239.02
3.00 3825.27
5.00 18686.09
3.00 6772.50
7.00 1787.00
1.00 666.97
3.00 15815.34
5.00 10926.28
22.00 10868.21
1.00 11286.92
1.00 5527.39
3.00 14333.46
6.00 966.62
4.00 280.05
2.00 3031.49
5.00 5080.26
1.00 766.91
4.00 12977.86
3.00 11443.95
3.00 12865.48
2.00 14538.16
1.00 1460.66
0.00 564.00
4.00 12140.05
3.00 11760.41
3.00 11779.84
3.00 3350.95
2.00 12978.27
2.00 10710.56
2.00 12775.54
0.00 644.05
4.00 1455.38
3.00 17812.04
0.00 490.07
8.00 10556.03
3.00 11489.67
23.00 10403.43
2.00 1854.25
4.00 13852.89
4.00 5692.79
3.00 11020.27
5.00 8273.74
4.00 15014.72
3.00 10742.20
1.00 1167.28
3.00 12211.10
5.00 13541.37
4.00 19102.18
3.00 2359.38
3.00 10713.95
3.00 14817.20
3.00 12602.74
1.00 945.83
3.00 10094.54
3.00 15870.59
3.00 3139.33
3.00 13651.67
4.00 12470.15
0.00 7623.90
20.00 656.14
3.00 13307.97
2.00 13138.44
4.00 432.99
3.00 3678.66
3.00 10979.17
4.00 13415.28
21.00 9358.89
0.00 660.32
3.00 15217.24
4.00 10407.25
2.00 13136.13
21.00 10866.07
3.00 11911.83
0.00 734.42
2.00 1315.00
3.00 13258.36
4.00 10237.68
4.00 6901.04
4.00 10300.15
5.00 10931.78
5.00 7052.34
28.00 6869.11
4.00 1998.55
4.00 908.83
3.00 20168.90
2.00 16248.98
3.00 10724.84
5.00 4155.56
6.00 12803.23
2.00 8924.56
3.00 11872.70
0.00 1263.10
3.00 10756.48
5.00 12627.39
4.00 12900.48
4.00 13365.34
3.00 13626.55
3.00 10267.74
2.00 8216.62
3.00 11604.78
1.00 793.66
4.00 2427.86
19.00 3708.07
4.00 15459.05
4.00 14596.91
3.00 1479.46
5.00 9123.75
3.00 13317.14
5.00 11723.36
3.00 12387.33
0.00 543.30
3.00 13271.62
4.00 10376.76
20.00 5057.05
4.00 10914.79
4.00 17703.10
0.00 28.95
0.00 677.29
2.00 4146.29
1.00 5314.16
21.00 3854.66
4.00 14688.63
1.00 5678.82
17.00 16113.14
5.00 10971.61
18.00 18394.50
3.00 13332.96
0.00 613.24
3.00 13250.94
3.00 13000.29
3.00 13640.17
3.00 12401.31
4.00 14372.20
0.00 737.15
3.00 8031.73
3.00 13642.50
1.00 9382.71
3.00 11460.05
2.00 13108.22
0.00 383.90
5.00 1499.83
4.00 14660.04
3.00 12036.36
4.00 11121.56
2.00 11876.76
4.00 698.15
4.00 15326.61
1.00 10066.73
4.00 11370.50
1.00 1210.17
5.00 6383.00
3.00 13115.26
2.00 13264.54
1.00 541.91
4.00 907.33
1.00 1118.48
3.00 10253.80
5.00 5624.94
4.00 12380.47
3.00 4916.41
3.00 6380.73
4.00 10933.88
1.00 9870.43
3.00 9159.02
2.00 3874.67
3.00 13730.01
20.00 1353.12
4.00 2671.02
3.00 12887.42
3.00 11308.05
3.00 9676.51
4.00 5019.82
5.00 9516.50
1.00 2004.92
6.00 12936.47
3.00 12025.75
1.00 6351.58
3.00 12942.44
4.00 9066.63
3.00 12979.90
5.00 1835.14
4.00 1243.61
1.00 9333.38
17.00 2471.86
0.00 847.14
4.00 12438.14
23.00 10756.37
3.00 11208.83
5.00 4149.24
4.00 3521.25
4.00 12781.42
4.00 12133.44
4.00 15388.09
3.00 12902.54
4.00 8439.52
4.00 15112.44
3.00 14013.10
2.00 4459.13
1.00 773.93
4.00 9651.50
4.00 868.54
1.00 5692.25
4.00 13424.51
26.00 8044.20
3.00 1547.71
3.00 15451.51
42.00 12293.59
3.00 13779.54
0.00 548.69
0.00 928.40
4.00 13696.40
5.00 5189.11
1.00 1059.50
5.00 1300.82
1.00 4098.55
5.00 4860.43
3.00 13502.74
4.00 12138.78
3.00 14973.22
0.00 378.68
4.00 3988.42
26.00 7384.30
5.00 10115.35
0.00 3485.67
1.00 871.82
5.00 12331.77
2.00 12544.55
9.00 7936.21
4.00 7722.34
4.00 11960.15
0.00 795.49
3.00 12976.93
2.00 12389.96
1.00 3596.70
1.00 602.86
3.00 12483.95
4.00 23.44
0.00 564.12
23.00 13606.16
3.00 1975.43
3.00 5868.19
3.00 19478.89
3.00 617.15
0.00 623.18
5.00 5826.05
1.00 861.19
4.00 10771.72
1.00 1245.98
1.00 2462.49
4.00 15444.07
4.00 13490.03
4.00 15464.69
7.00 12969.54
6.00 10507.79
3.00 9572.78
5.00 14379.46
3.00 8855.17
1.00 1198.09
8.00 9977.00
0.00 668.11
3.00 15260.79
2.00 17236.79
4.00 9023.23
4.00 1828.71
3.00 13828.60
0.00 393.39
4.00 11541.40
3.00 11508.54
3.00 11797.32
5.00 10907.21
1.00 682.42
3.00 13379.51
3.00 10944.23
4.00 11050.30
0.00 7534.26
4.00 8765.88
3.00 12163.23
4.00 777.83
0.00 1866.95
3.00 13078.55
4.00 1861.06
1.00 2541.94
3.00 10863.92
0.00 980.63
4.00 9430.71
5.00 11580.97
3.00 11798.23
25.00 8390.40
4.00 12174.07
2.00 8852.28
4.00 8263.35
3.00 10524.92
3.00 13989.63
19.00 8160.99
2.00 -344.97
1.00 518.87
1.00 1040.64
4.00 12858.39
2.00 15116.39
10.00 4591.65
4.00 10887.06
5.00 4626.70
0.00 425.47
1.00 13112.15
2.00 11654.97
3.00 12806.39
1.00 1272.43
0.00 968.48
5.00 3085.60
1.00 2925.80
23.00 10936.30
2.00 12175.79
3.00 545.12
2.00 12851.89
3.00 9219.17
3.00 11669.12
3.00 16727.77
2.00 20155.28
3.00 11307.53
19.00 13599.51
3.00 10732.47
1.00 876.64
3.00 12290.97
3.00 6956.28
3.00 10154.98
4.00 20323.84
4.00 8742.93
4.00 11877.43
1.00 986.43
5.00 11148.17
1.00 7208.94
0.00 673.04
3.00 5869.48
3.00 10202.58
3.00 16706.69
2.00 8651.14
4.00 8902.24
3.00 10280.13
2.00 12891.16
2.00 12230.86
0.00 552.46
3.00 13591.61
3.00 6364.95
3.00 14469.70
4.00 12383.21
3.00 11683.32
5.00 11397.43
5.00 2429.96
2.00 9547.53
1.00 529.60
1.00 1088.30
19.00 12225.16
5.00 822.36
0.00 387.51
0.00 957.55
18.00 2422.59
1.00 1122.42
4.00 3927.75
4.00 11829.90
4.00 10215.58
3.00 9880.22
3.00 12460.91
4.00 9694.83
4.00 11736.22
3.00 17613.84
2.00 16362.95
1.00 587.67
3.00 13078.71
3.00 4728.30
4.00 10596.70
2.00 19285.88
4.00 12809.06
4.00 12412.11
3.00 2358.56
3.00 13092.05
3.00 11796.31
3.00 13229.26
4.00 13017.00
4.00 13564.39
3.00 19074.80
5.00 13847.12
6.00 11479.26
0.00 2517.28
4.00 1435.60
3.00 5125.30
4.00 934.88
1.00 874.16
3.00 9270.96
3.00 10204.73
4.00 10734.86
2.00 10263.39
3.00 7370.42
3.00 13409.58
3.00 12079.80
29.00 10613.23
3.00 11895.12
6.00 10639.58
2.00 605.63
3.00 14848.88
3.00 20182.64
3.00 13029.38
4.00 2170.91
1.00 710.51
3.00 14263.96
2.00 4959.19
3.00 12378.68
3.00 12393.01
4.00 12211.41
4.00 6028.85
3.00 10118.84
6.00 10577.51
1.00 1012.21
4.00 12716.02
3.00 11111.02
4.00 872.67
16.00 14676.88
4.00 7848.51
4.00 12064.03
4.00 3299.58
1.00 2210.81
4.00 11076.11
1.00 8442.94
1.00 877.01
18.00 4406.12
3.00 11818.90
1.00 1043.43
2.00 10853.85
3.00 9356.93
3.00 11413.35
4.00 1247.80
5.00 14354.63
1.00 454.24
0.00 557.11
3.00 5350.80
4.00 9958.68
0.00 696.90
0.00 977.99
3.00 4172.64
4.00 13658.54
4.00 15860.19
5.00 10741.82
4.00 11551.87
3.00 14463.64
3.00 12059.46
3.00 13280.61
1.00 1637.21
3.00 10935.21
4.00 1891.15
1.00 567.15
5.00 11670.54
21.00 10098.96
2.00 17058.47
4.00 8255.21
19.00 14522.11
4.00 592.04
16.00 5205.28
2.00 1992.15
4.00 12319.39
18.00 9965.29
5.00 6128.78
4.00 9452.13
2.00 12947.66
2.00 12200.38
1.00 1237.88
4.00 12647.09
3.00 18647.40
0.00 423.69
5.00 9385.43
4.00 15727.18
0.00 1605.47
3.00 9408.53
1.00 980.53
4.00 1803.29
2.00 10933.25
3.00 12923.96
4.00 12247.21
4.00 12322.67
4.00 11465.42
19.00 8666.67
1.00 4671.33
4.00 12784.74
5.00 14159.36
4.00 7769.66
3.00 13356.18
6.00 1989.06
1.00 475.63
3.00 9956.68
1.00 917.03
2.00 14316.09
4.00 11875.25
4.00 13803.48
4.00 13275.38
3.00 1406.60
1.00 9821.06
0.00 693.05
6.00 6492.62
3.00 12808.15
4.00 16749.89
4.00 2264.99
3.00 11951.40
5.00 11187.73
2.00 20928.12
4.00 12046.05
4.00 12541.66
2.00 25761.37
4.00 1919.37
4.00 10909.88
5.00 12125.47
4.00 3021.63
5.00 2800.70
4.00 11007.00
0.00 579.48
16.00 5984.29
1.00 971.63
22.00 6204.64
25.00 2203.39
4.00 12408.88
1.00 1069.23
22.00 10730.84
3.00 8527.27
11.00 12662.43
3.00 11716.04
4.00 13001.77
3.00 13221.64
6.00 7837.24
5.00 3681.42
1.00 6861.72
4.00 16150.45
3.00 9280.23
1.00 454.37
1.00 21426.58
1.00 795.73
3.00 10758.22
4.00 11799.60
3.00 15290.70
4.00 11198.94
1.00 846.82
1.00 1965.81
4.00 3260.46
4.00 12154.45
3.00 1003.99
16.00 12053.02
2.00 10603.59
3.00 10210.13
1.00 15483.17
3.00 14168.12
4.00 12596.10
4.00 682.19
3.00 13725.57
3.00 13881.95
3.00 11065.49
0.00 1083.56
1.00 493.32
1.00 559.53
3.00 13445.21
4.00 12190.46
5.00 14060.11
3.00 10875.13
3.00 6678.95
4.00 7432.88
0.00 1131.29
1.00 13957.33
0.00 963.95
3.00 10340.70
20.00 3757.83
0.00 22765.33
4.00 11324.83
4.00 14668.97
3.00 14103.68
2.00 15649.27
2.00 13405.73
3.00 13384.08
1.00 729.41
0.00 -216.84
3.00 12448.76
37.00 12566.56
3.00 13212.99
3.00 9945.39
5.00 3694.43
5.00 8106.99
4.00 12820.46
3.00 9372.10
1.00 488.23
3.00 13892.50
1.00 3415.91
4.00 889.76
2.00 13591.98
3.00 6382.76
3.00 16416.97
0.00 734.66
4.00 13669.22
4.00 9361.48
3.00 13017.04
3.00 15670.94
5.00 12390.00
3.00 11418.78
22.00 10828.68
4.00 1549.89
4.00 12470.50
4.00 10947.07
6.00 4017.90
3.00 6449.92
19.00 17082.25
3.00 7291.21
4.00 11653.80
3.00 14920.19
1.00 14445.84
4.00 8756.58
4.00 12811.51
0.00 737.05
3.00 12934.49
4.00 12368.15
4.00 10133.24
4.00 13191.81
4.00 16939.55
3.00 16519.24
3.00 14143.72
3.00 12710.18
1.00 2741.21
3.00 13446.98
3.00 8171.27
5.00 8659.01
19.00 1691.64
1.00 636.00
2.00 14337.92
0.00 750.59
5.00 11554.38
3.00 12138.63
5.00 13222.92
3.00 10530.14
4.00 5893.72
3.00 10945.43
0.00 1365.81
2.00 11512.37
4.00 2449.95
1.00 2138.11
3.00 10727.42
3.00 9961.14
18.00 7240.70
18.00 3649.95
4.00 11892.85
4.00 7949.85
1.00 1195.53
5.00 12248.59
3.00 14045.17
1.00 1035.22
4.00 7790.22
0.00 289.08
2.00 14133.22
3.00 2373.26
3.00 13322.77
1.00 6680.72
7.00 13948.26
3.00 12176.15
2.00 8681.60
3.00 10235.62
2.00 12820.91
2.00 7693.49
18.00 6536.80
23.00 10044.00
20.00 9440.06
3.00 893.89
0.00 959.63
1.00 4042.29
2.00 12985.50
4.00 2035.69
1.00 960.94
3.00 1994.08
18.00 2236.70
4.00 4697.62
4.00 8597.92
26.00 10360.79
3.00 9085.22
3.00 9811.90
0.00 994.58
4.00 1127.47
3.00 13041.28
1.00 6990.01
4.00 9082.29
0.00 959.78
2.00 12416.96
4.00 8698.51
2.00 12295.72
4.00 13359.22
5.00 12365.36
12.00 3439.49
5.00 11897.74
3.00 9332.20
3.00 9453.42
27.00 4548.45
4.00 14411.61
0.00 1065.61
5.00 12109.84
3.00 12748.40
5.00 12013.89
0.00 1308.73
0.00 875.26
2.00 12552.70
0.00 1215.35
3.00 15690.62
1.00 914.60
1.00 711.51
2.00 14300.05
3.00 12682.21
3.00 5242.05
2.00 13371.42
3.00 8835.29
3.00 24985.42
3.00 11437.21
4.00 1835.73
4.00 5606.87
0.00 961.78
3.00 13702.09
4.00 15821.53
4.00 7038.40
4.00 11939.37
1.00 1081.03
1.00 1138.76
5.00 13336.33
4.00 2421.89
3.00 10688.83
1.00 3434.42
3.00 11723.32
0.00 143.02
10.00 11961.26
3.00 12655.45
2.00 1391.41
3.00 11993.97
5.00 651.94
0.00 870.43
3.00 13142.38
1.00 4392.50
5.00 5231.73
4.00 11832.82
1.00 425.67
3.00 13977.75
3.00 14341.22
3.00 10202.79
4.00 14548.60
3.00 12932.92
24.00 15029.77
0.00 586.57
3.00 14787.81
1.00 1237.52
1.00 2024.94
4.00 1615.88
3.00 20604.38
1.00 861.74
4.00 956.14
4.00 2538.30
3.00 13145.00
3.00 11409.20
4.00 12956.10
4.00 13387.23
4.00 18214.08
4.00 4539.49
4.00 12674.25
4.00 11131.24
1.00 399.83
1.00 5995.03
4.00 9194.57
2.00 11388.50
5.00 6954.14
2.00 10987.29
3.00 11220.76
1.00 5533.03
1.00 723.37
3.00 11846.53
1.00 551.41
3.00 14510.47
4.00 9035.91
3.00 6988.58
2.00 20682.37
3.00 10687.09
4.00 7796.47
4.00 3309.90
3.00 1438.26
3.00 7552.00
1.00 980.21
1.00 732.77
3.00 10786.42
1.00 686.06
1.00 712.92
3.00 17901.36
3.00 10538.59
5.00 1253.80
3.00 12013.28
0.00 790.06
3.00 13137.00
2.00 10830.28
5.00 8462.33
5.00 4631.44
1.00 6720.30
4.00 1034.83
1.00 10373.51
1.00 3965.97
2.00 15944.95
4.00 6829.23
10.00 2948.90
3.00 4827.57
3.00 16810.35
4.00 3216.60
4.00 12357.32
4.00 11839.97
3.00 15311.47
5.00 973.04
2.00 6426.73
1.00 2120.56
4.00 3506.20
1.00 3499.10
21.00 8794.58
1.00 2145.27
5.00 2268.47
6.00 11452.20
1.00 3412.28
3.00 11226.54
4.00 992.05
3.00 12359.67
4.00 10215.20
1.00 16700.68
2.00 11718.11
4.00 10810.03
5.00 593.60
4.00 4973.10
1.00 667.25
0.00 1000.02
3.00 12307.67
18.00 10734.25
3.00 10663.15
4.00 13377.01
4.00 2776.81
32.00 3093.42
4.00 7840.89
25.00 7976.34
1.00 11880.43
4.00 14200.83
2.00 8002.62
4.00 9813.48
3.00 12401.78
1.00 4877.00
4.00 10692.39
0.00 406.74
4.00 10201.86
3.00 12687.24
4.00 16218.39
4.00 10703.33
3.00 9306.96
7.00 14768.46
3.00 828.83
1.00 876.65
4.00 9430.80
5.00 18136.06
18.00 2024.42
3.00 13230.44
2.00 4831.50
5.00 1468.24
6.00 4215.53
4.00 12656.08
4.00 8518.32
3.00 7703.77
6.00 10004.82
3.00 10230.81
4.00 10187.69
2.00 1174.10
3.00 5571.41
1.00 2610.51
3.00 10537.19
0.00 1257.09
4.00 16748.54
3.00 15894.43
3.00 12197.21
4.00 8073.32
6.00 3378.74
4.00 1377.44
4.00 17947.17
0.00 436.56
0.00 945.72
3.00 6947.64
19.00 1374.83
4.00 18357.46
5.00 5245.66
3.00 8740.99
3.00 14876.32
2.00 19019.55
3.00 13053.32
0.00 736.59
1.00 2722.88
8.00 5309.04
3.00 9474.35
4.00 1988.07
19.00 1704.15
3.00 10266.38
3.00 12186.49
2.00 18811.18
4.00 16837.83
1.00 3177.75
3.00 13689.11
3.00 11470.77
5.00 12840.81
3.00 9896.71
4.00 13428.98
0.00 701.36
2.00 14929.08
3.00 11494.32
4.00 6432.99
0.00 435.25
1.00 2056.31
1.00 487.87
3.00 12723.77
4.00 12149.98
2.00 9585.35
7.00 3219.02
19.00 7171.29
4.00 1864.67
21.00 9165.65
4.00 1723.44
21.00 14131.88
3.00 12368.33
1.00 789.83
3.00 9874.59
3.00 10418.95
4.00 9819.93
0.00 1237.99
2.00 10062.32
4.00 1562.61
1.00 886.18
4.00 7272.34
22.00 11804.55
3.00 12867.37
19.00 14014.82
3.00 11594.98
3.00 1837.54
5.00 1410.73
1.00 3722.94
2.00 17638.24
3.00 11970.71
2.00 14488.64
3.00 12718.61
1.00 656.28
1.00 1259.17
2.00 15778.33
3.00 14075.33
5.00 11690.60
4.00 12391.93
0.00 1553.96
6.00 6783.51
19.00 3174.85
4.00 1767.64
3.00 20544.67
1.00 593.82
1.00 1120.81
1.00 778.28
4.00 1855.59
2.00 14120.91
40.00 -309.16
4.00 12704.17
3.00 21381.81
1.00 18539.39
21.00 18421.31
3.00 14335.08
3.00 14086.39
1.00 922.85
4.00 13510.93
4.00 1857.78
3.00 15187.86
2.00 12009.76
0.00 1168.15
6.00 14245.47
27.00 10583.96
6.00 1922.84
3.00 12967.21
4.00 11138.96
0.00 324.98
2.00 11020.22
3.00 1938.04
1.00 1157.63
3.00 8639.76
3.00 11692.62
3.00 10859.73
21.00 5839.91
0.00 1268.36
1.00 2485.52
4.00 11144.65
3.00 11851.21
4.00 10038.43
0.00 681.10
4.00 2903.62
1.00 916.41
4.00 11252.90
1.00 767.35
19.00 3750.75
0.00 698.25
2.00 14404.71
4.00 8748.01
3.00 11306.37
2.00 9203.15
5.00 11089.48
5.00 12235.10
3.00 12467.21
1.00 24883.08
0.00 1201.53
4.00 13541.62
3.00 13805.36
4.00 13163.31
4.00 3376.10
4.00 14219.05
4.00 12940.03
4.00 12815.67
1.00 597.34
3.00 13893.71
3.00 11378.05
1.00 1361.30
3.00 2213.82
20.00 21528.04
4.00 7919.03
2.00 12646.12
19.00 3803.84
1.00 1307.18
3.00 8386.21
5.00 12650.62
3.00 1162.99
1.00 8264.23
38.00 9909.54
22.00 1802.57
3.00 12914.71
3.00 12930.76
2.00 12000.01
3.00 1714.92
3.00 13748.91
0.00 847.93
25.00 2400.46
3.00 12034.12
3.00 13600.86
0.00 442.51
2.00 14673.98
4.00 11618.21
3.00 15916.33
1.00 1814.50
4.00 17589.54
2.00 16227.30
1.00 587.40
1.00 659.12
2.00 13848.27
3.00 11219.58
4.00 11871.20
3.00 8609.88
4.00 13291.86
0.00 753.43
4.00 3513.73
4.00 12958.13
6.00 12685.21
4.00 12851.27
0.00 1114.47
4.00 13133.16
3.00 15069.11
1.00 1143.69
3.00 2576.62
3.00 11406.44
2.00 11657.40
0.00 1210.09
4.00 15307.89
0.00 901.68
4.00 4940.42
4.00 11882.46
3.00 13208.47
5.00 1780.62
1.00 497.62
4.00 11761.96
3.00 11275.02
4.00 14066.39
5.00 6570.86
5.00 899.85
5.00 12378.31
4.00 14203.31
4.00 8348.31
3.00 13213.88
4.00 12064.29
4.00 5268.53
3.00 9319.62
3.00 13629.39
4.00 11250.33
1.00 982.63
3.00 5481.44
3.00 9862.00
3.00 11468.31
3.00 12138.54
3.00 11591.74
6.00 13678.13
16.00 6147.59
5.00 11519.53
1.00 6180.33
3.00 13588.62
4.00 12359.73
1.00 622.00
2.00 12412.57
1.00 363.69
3.00 15487.89
4.00 12626.40
1.00 923.06
1.00 2762.04
3.00 7358.83
4.00 12767.95
4.00 12912.53
1.00 12599.70
3.00 11568.60
1.00 1778.56
4.00 12568.98
4.00 7992.24
2.00 12204.27
5.00 13196.47
3.00 13464.11
3.00 21437.71
4.00 5384.01
4.00 17770.44
4.00 11596.58
4.00 -384.12
2.00 13987.55
0.00 18699.59
4.00 1192.54
27.00 6809.16
2.00 13610.95
3.00 13861.97
1.00 1121.05
2.00 11820.95
3.00 13094.90
2.00 12772.41
3.00 11472.54
5.00 12468.41
3.00 13723.55
3.00 12762.41
0.00 1304.09
3.00 21340.93
4.00 1067.13
3.00 12925.25
5.00 4993.58
3.00 1957.21
2.00 16881.30
1.00 2157.26
12.00 4230.58
5.00 791.83
3.00 5819.54
1.00 846.53
31.00 310.72
4.00 10655.48
3.00 13467.97
3.00 12423.91
5.00 570.92
4.00 14162.56
3.00 12271.67
1.00 604.20
4.00 7761.64
1.00 1213.60
2.00 806.40
8.00 7752.78
5.00 12799.02
3.00 17985.30
2.00 12231.72
3.00 13178.10
3.00 13258.16
2.00 13412.79
1.00 4746.26
0.00 863.84
3.00 11748.10
3.00 12364.63
3.00 12475.69
1.00 5302.77
4.00 10871.73
3.00 14563.97
0.00 2260.95
4.00 8839.47
4.00 11400.95
4.00 2259.68
6.00 11658.28
1.00 960.11
2.00 11651.37
4.00 18605.61
1.00 3280.09
4.00 1364.50
4.00 10389.77
4.00 9027.44
3.00 14725.90
1.00 2240.25
1.00 20616.27
3.00 11834.97
2.00 8225.08
3.00 12741.30
1.00 1114.30
3.00 12938.15
4.00 3.05
3.00 14411.88
2.00 10957.86
1.00 4728.61
3.00 6689.10
1.00 8666.21
4.00 12149.52
3.00 9423.27
4.00 21701.39
20.00 9816.07
29.00 11007.73
2.00 9685.25
4.00 12956.50
4.00 1163.38
3.00 10972.63
3.00 15591.56
0.00 957.16
4.00 12380.81
19.00 2579.16
3.00 20637.52
4.00 12228.85
1.00 689.53
4.00 11693.28
4.00 18135.38
3.00 19766.84
3.00 12130.09
4.00 12653.59
0.00 340.98
0.00 1416.76
2.00 20636.69
4.00 1605.87
3.00 12614.21
3.00 14687.50
1.00 851.30
3.00 15758.67
3.00 13425.75
4.00 10864.87
0.00 882.31
1.00 21660.86
3.00 12406.15
5.00 10784.26
4.00 10590.23
3.00 11156.24
2.00 13126.79
4.00 15668.97
1.00 897.79
4.00 1247.46
3.00 12510.40
4.00 17642.38
4.00 10524.73
3.00 14332.69
2.00 11455.58
3.00 12144.29
4.00 2278.16
1.00 3160.55
1.00 7864.16
3.00 2876.43
5.00 5869.24
1.00 4646.15
4.00 9700.16
3.00 12411.03
5.00 14769.01
4.00 14196.16
4.00 12789.02
0.00 659.48
3.00 11555.45
4.00 7469.96
3.00 14655.90
0.00 1015.36
3.00 13746.82
3.00 12870.17
13.00 11736.22
4.00 13076.12
3.00 12191.40
4.00 13450.66
3.00 1304.62
1.00 10125.82
4.00 12770.25
1.00 1835.67
3.00 13317.62
1.00 6171.67
1.00 411.75
4.00 10149.03
5.00 11505.50
1.00 763.16
4.00 1324.44
3.00 14676.40
5.00 8712.94
1.00 762.04
1.00 780.86
3.00 14317.27
1.00 6168.39
5.00 12856.37
0.00 2704.52
6.00 2394.44
4.00 12168.08
3.00 8879.12
1.00 12687.04
2.00 11048.74
1.00 1834.00
3.00 10789.73
3.00 1144.06
2.00 18236.75
0.00 839.70
2.00 17414.94
21.00 17186.26
3.00 11079.32
5.00 9282.98
0.00 498.20
0.00 547.84
1.00 649.37
4.00 386.36
5.00 1382.48
0.00 678.52
2.00 12518.04
19.00 7671.18
1.00 865.83
2.00 11580.09
1.00 1104.71
4.00 13918.95
3.00 12751.44
17.00 13116.69
3.00 15661.77
5.00 13291.32
1.00 833.48
3.00 13788.20
3.00 5844.25
0.00 705.70
3.00 9692.56
3.00 11558.79
0.00 1007.85
0.00 523.49
4.00 11920.04
3.00 11049.65
3.00 1865.55
2.00 10658.11
4.00 14023.24
3.00 11872.73
3.00 12075.98
5.00 632.05
4.00 942.17
2.00 12602.24
5.00 12216.67
4.00 20042.66
2.00 16834.13
1.00 1010.38
1.00 1088.97
3.00 2398.85
2.00 5615.22
3.00 10876.39
2.00 10463.83
3.00 8228.37
4.00 972.07
21.00 8171.45
3.00 11577.48
3.00 12872.85
2.00 12531.46
0.00 491.12
4.00 9824.02
1.00 503.77
19.00 2160.13
3.00 11105.43
0.00 1561.42
1.00 830.08
3.00 13833.39
3.00 11611.35
0.00 543.56
1.00 918.95
4.00 2875.12
5.00 1450.23
0.00 2115.02
3.00 13990.17
2.00 13742.38
1.00 923.64
3.00 13169.21
1.00 1115.07
0.00 9.67
4.00 16789.38
3.00 11450.19
4.00 14140.04
29.00 7881.09
4.00 12543.26
4.00 970.21
4.00 13451.00
1.00 13721.68
3.00 10457.50
17.00 1418.01
3.00 12702.50
4.00 9784.87
5.00 9390.97
1.00 1065.59
2.00 18500.38
2.00 11387.23
3.00 11547.67
1.00 1818.91
3.00 2487.15
4.00 1104.47
3.00 11713.75
2.00 13114.35
4.00 14703.95
5.00 6834.77
2.00 9893.90
4.00 17150.91
5.00 9607.66
0.00 529.92
3.00 14100.30
3.00 19104.88
1.00 782.67
2.00 15307.20
3.00 13838.72
3.00 12887.43
1.00 864.71
3.00 12044.69
18.00 12843.45
2.00 11042.49
6.00 8238.45
2.00 11544.49
3.00 7701.95
2.00 11387.23
4.00 13475.07
3.00 13005.95
4.00 10809.67
3.00 11707.83
0.00 677.79
4.00 14916.31
2.00 13822.14
18.00 11339.21
6.00 9764.83
6.00 2006.59
5.00 456.60
2.00 16141.83
3.00 11049.50
2.00 1229.85
5.00 11894.23
4.00 12216.35
2.00 13821.11
3.00 11405.28
3.00 13125.21
6.00 2170.98
2.00 12534.30
5.00 12524.11
4.00 8782.06
21.00 5306.57
5.00 1000.12
0.00 1107.56
4.00 13417.93
4.00 13810.01
5.00 14297.89
8.00 3221.82
2.00 12207.16
3.00 13421.77
4.00 12153.06
3.00 5434.45
3.00 2745.92
1.00 711.69
3.00 9338.95
5.00 8635.46
3.00 12199.62
2.00 15343.09
0.00 880.22
4.00 11960.64
0.00 817.76
3.00 13394.92
2.00 11966.82
4.00 8991.85
4.00 11284.42
3.00 8710.66
1.00 1526.81
3.00 568.60
4.00 10270.29
3.00 17147.84
3.00 9846.74
4.00 12751.14
23.00 7300.11
2.00 15241.39
2.00 11192.66
0.00 997.29
3.00 2759.95
4.00 10.59
2.00 15594.96
5.00 9729.27
3.00 19921.13
3.00 7121.64
4.00 7789.27
5.00 12818.12
4.00 16467.90
3.00 14120.44
5.00 10422.54
1.00 4465.07
3.00 18622.79
4.00 13440.73
3.00 11465.37
3.00 13445.63
4.00 15881.70
1.00 974.60
3.00 11315.57
18.00 16518.89
4.00 13375.26
4.00 15419.49
20.00 1239.28
5.00 12069.15
3.00 13935.69
0.00 791.83
3.00 2519.68
22.00 11040.36
18.00 18703.05
25.00 10842.39
4.00 2769.31
1.00 891.59
25.00 11098.68
1.00 967.00
3.00 11899.57
1.00 1237.42
4.00 11700.36
17.00 4434.21
21.00 12545.06
1.00 1186.58
5.00 9286.44
4.00 15225.22
3.00 17695.71
6.00 13027.60
3.00 8117.92
4.00 11199.90
4.00 1275.60
22.00 6112.64
3.00 12148.81
4.00 733.84
4.00 12686.42
4.00 4101.24
4.00 12169.16
5.00 12623.27
4.00 14190.10
1.00 886.60
4.00 17027.11
1.00 1661.02
4.00 16277.41
4.00 8530.25
4.00 548.23
4.00 9588.32
4.00 12423.11
4.00 14078.17
3.00 8549.10
3.00 12178.92
5.00 9130.47
3.00 10173.46
3.00 13434.65
6.00 1389.74
4.00 15790.74
4.00 12119.53
2.00 13465.29
3.00 9516.46
0.00 853.63
3.00 9400.40
4.00 9711.78
3.00 15568.97
3.00 11635.45
3.00 3229.60
2.00 12911.59
1.00 1112.14
3.00 12815.74
3.00 12727.68
3.00 950.51
3.00 12261.52
2.00 14406.17
3.00 13207.06
0.00 682.19
1.00 1235.12
1.00 5194.86
3.00 13168.10
4.00 985.06
4.00 6728.59
4.00 6281.77
3.00 14622.63
3.00 11310.21
4.00 14152.04
1.00 1103.98
4.00 1994.76
4.00 10710.07
3.00 15779.47
1.00 18729.87
3.00 4234.70
5.00 11993.86
4.00 11055.14
4.00 16256.41
3.00 16172.96
3.00 1524.51
3.00 10898.16
0.00 785.06
4.00 11118.73
3.00 16077.67
1.00 1028.08
3.00 12503.69
2.00 15252.32
4.00 8069.37
2.00 13685.13
3.00 2251.37
3.00 1034.99
3.00 12140.11
1.00 11209.09
0.00 426.18
2.00 20712.54
3.00 12236.92
4.00 9537.04
4.00 11770.94
3.00 13824.00
4.00 2558.13
3.00 19678.31
0.00 479.52
3.00 12636.36
20.00 4673.24
0.00 864.18
6.00 1012.09
2.00 12538.70
3.00 2583.22
14.00 1603.62
2.00 14326.59
3.00 2075.98
3.00 12858.05
3.00 13146.80
3.00 10184.95
1.00 3826.29
3.00 12640.69
1.00 897.46
3.00 14052.54
1.00 786.63
3.00 10703.83
5.00 10472.87
5.00 12684.57
3.00 10671.63
4.00 14623.09
4.00 12404.08
17.00 2275.61
4.00 211.56
1.00 241.90
2.00 16964.52
1.00 297.67
0.00 871.95
4.00 12932.95
3.00 10098.22
1.00 1079.56
4.00 11937.31
19.00 19043.63
3.00 10156.10
3.00 12642.56
3.00 11208.78
1.00 1604.87
3.00 12430.77
4.00 12199.62
3.00 14728.43
3.00 1853.85
3.00 14761.80
2.00 664.54
4.00 11135.40
4.00 13718.72
3.00 12764.49
4.00 12308.14
2.00 4991.42
2.00 12680.57
19.00 10815.57
20.00 9496.74
3.00 13324.46
8.00 2784.08
5.00 5095.39
0.00 956.26
3.00 13661.32
3.00 10536.40
0.00 937.17
0.00 425.39
5.00 2136.63
5.00 7249.09
4.00 21172.33
5.00 532.00
23.00 11205.76
1.00 1329.74
3.00 1587.48
4.00 12777.03
4.00 11868.80
1.00 635.98
4.00 12510.08
4.00 8434.90
3.00 10031.74
4.00 13578.50
2.00 12277.49
3.00 13326.43
18.00 3017.24
3.00 13207.27
4.00 12171.15
3.00 16034.13
7.00 9999.22
5.00 1219.87
1.00 951.32
2.00 1414.65
4.00 8115.36
18.00 10107.82
2.00 14096.55
3.00 17004.98
3.00 918.05
5.00 9977.89
3.00 12830.26
2.00 14593.76
0.00 503.53
2.00 9830.87
4.00 514.44
5.00 13154.33
3.00 11902.56
5.00 16022.00
5.00 1580.11
1.00 17721.88
2.00 13376.70
3.00 7450.48
3.00 10573.75
6.00 1555.02
1.00 935.41
3.00 16955.69
16.00 11006.83
5.00 2786.84
2.00 12408.16
3.00 17023.09
4.00 4099.13
4.00 12408.16
3.00 14203.19
3.00 19549.32
3.00 13718.32
4.00 2714.31
0.00 656.95
4.00 15899.98
1.00 8017.23
3.00 14315.89
5.00 12888.02
3.00 12801.88
4.00 13988.25
19.00 2438.46
4.00 9911.70
3.00 12820.88
1.00 1062.67
1.00 6293.83
2.00 12862.62
1.00 503.70
3.00 12965.42
5.00 1068.50
4.00 9425.18
1.00 3128.24
1.00 1744.64
1.00 903.79
4.00 1435.90
1.00 756.99
7.00 5715.88
2.00 11674.01
4.00 12739.00
3.00 8799.63
5.00 2206.55
3.00 9565.26
0.00 885.39
4.00 16448.38
3.00 9619.36
5.00 9443.75
3.00 4588.74
3.00 15858.44
3.00 10212.44
3.00 2406.78
3.00 13189.60
3.00 5076.64
4.00 10035.20
5.00 16437.65
3.00 14862.35
0.00 721.37
4.00 11882.19
4.00 11835.19
5.00 330.16
1.00 905.66
0.00 793.81
3.00 2668.04
4.00 12414.33
4.00 13835.36
32.00 651.33
3.00 12981.46
3.00 13247.57
2.00 11576.51
4.00 1102.93
3.00 13641.26
4.00 5898.61
4.00 12357.66
4.00 10290.68
1.00 810.86
5.00 16182.89
4.00 14757.02
2.00 14054.43
3.00 14547.42
5.00 100.08
4.00 2346.75
3.00 11309.83
3.00 10104.84
3.00 13242.96
3.00 11879.33
19.00 1880.58
0.00 643.38
1.00 1976.41
2.00 5579.31
5.00 4402.21
1.00 6188.53
1.00 1166.49
4.00 12641.28
6.00 5099.85
2.00 12722.55
3.00 17402.07
4.00 2576.66
1.00 645.23
4.00 1269.99
5.00 11606.53
5.00 12093.59
3.00 10567.94
4.00 10674.56
3.00 10857.54
0.00 484.51
0.00 1104.90
4.00 13365.51
1.00 953.82
3.00 15080.34
4.00 12282.89
1.00 1576.56
1.00 1226.28
3.00 12166.67
4.00 12225.66
38.00 6.60
3.00 16045.57
0.00 777.06
11.00 6837.16
0.00 661.72
3.00 13446.06
3.00 14098.43
4.00 453.96
3.00 12878.55
2.00 12957.09
5.00 9703.31
2.00 13767.08
2.00 3614.04
16.00 4777.57
4.00 7876.20
5.00 8457.30
3.00 2109.98
1.00 3290.01
3.00 7199.82
8.00 14504.73
1.00 911.80
4.00 8338.60
3.00 1293.90
1.00 5604.87
1.00 9592.51
3.00 10175.79
3.00 15536.05
4.00 5722.11
4.00 11722.43
2.00 4456.10
4.00 11827.65
4.00 10630.25
4.00 1566.98
1.00 4947.80
3.00 14310.69
3.00 13054.58
22.00 9705.73
0.00 602.57
0.00 734.43
5.00 12204.00
4.00 11248.02
3.00 12799.44
3.00 11945.63
3.00 11688.82
0.00 648.77
1.00 595.79
5.00 14510.14
3.00 10642.61
4.00 498.72
5.00 11128.46
4.00 9370.52
0.00 119.01
4.00 1660.55
3.00 10889.66
4.00 9317.23
3.00 13197.15
2.00 15118.39
1.00 12540.76
3.00 14686.12
5.00 6244.85
4.00 9580.86
3.00 11466.25
5.00 898.36
3.00 12726.21
1.00 1779.87
19.00 9502.46
16.00 1817.15
3.00 13320.60
4.00 4521.01
3.00 12287.37
21.00 6440.39
2.00 584.47
4.00 2130.32
3.00 13530.06
4.00 10511.26
4.00 9009.13
2.00 14712.16
3.00 13329.99
3.00 13862.13
3.00 14082.53
1.00 3619.19
1.00 10287.12
0.00 1085.52
4.00 10165.12
0.00 881.18
3.00 1475.75
4.00 17044.84
0.00 1011.37
23.00 5992.80
4.00 1715.03
3.00 10020.88
3.00 13468.13
0.00 803.03
0.00 2508.10
5.00 18347.06
4.00 9324.68
3.00 10655.62
3.00 13685.38
4.00 12046.75
2.00 706.22
1.00 3285.59
3.00 810.85
4.00 7199.09
3.00 11136.91
4.00 12135.84
4.00 12319.07
4.00 15522.18
5.00 12864.22
5.00 11236.67
4.00 13087.88
1.00 9216.53
1.00 647.93
4.00 11802.79
4.00 13052.92
5.00 10030.34
1.00 883.38
22.00 7281.51
3.00 12242.30
3.00 9732.09
4.00 4942.63
23.00 4227.65
3.00 11593.58
0.00 697.19
3.00 12010.11
4.00 13379.00
3.00 14616.00
3.00 12891.52
1.00 1015.06
4.00 11180.57
3.00 13825.88
3.00 15952.73
0.00 1016.19
3.00 13307.17
4.00 1035.34
3.00 14100.62
3.00 8384.82
4.00 13235.02
4.00 12254.51
5.00 9053.61
3.00 10187.54
4.00 7903.42
0.00 6462.15
3.00 13871.02
3.00 13245.56
4.00 13124.69
49.00 6252.91
0.00 2744.23
4.00 1684.76
3.00 9209.82
4.00 795.08
3.00 13619.59
4.00 9579.48
1.00 14687.96
4.00 11384.10
3.00 14490.83
3.00 10743.34
1.00 1472.79
4.00 10008.53
4.00 1050.99
3.00 9924.33
4.00 12938.93
4.00 1899.53
3.00 13934.37
4.00 1866.83
0.00 785.20
2.00 15639.39
3.00 11721.32
0.00 715.37
4.00 12974.74
0.00 911.18
3.00 11372.01
5.00 414.16
18.00 12093.49
4.00 1689.88
4.00 1292.67
4.00 8255.21
3.00 14195.73
3.00 13862.55
4.00 17746.07
4.00 13444.21
2.00 17227.81
1.00 3300.47
2.00 9581.34
1.00 1572.77
2.00 13383.87
3.00 12415.61
3.00 15962.45
1.00 7000.07
3.00 12391.74
3.00 14205.14
1.00 1532.05
3.00 5444.50
3.00 10823.19
4.00 869.35
4.00 12508.50
4.00 12497.96
3.00 13107.26
5.00 9703.67
4.00 15540.99
4.00 12467.23
3.00 10469.77
2.00 12296.44
2.00 15907.12
2.00 11236.23
2.00 12841.11
0.00 684.65
3.00 10290.21
3.00 13025.55
3.00 2395.12
4.00 14129.29
4.00 18801.70
4.00 12137.67
4.00 7640.08
0.00 1279.63
3.00 15670.46
3.00 16140.58
3.00 10157.11
5.00 2880.50
1.00 632.07
4.00 1780.81
5.00 564.81
3.00 11929.98
3.00 12261.76
3.00 12018.56
6.00 10346.23
1.00 1175.08
5.00 12545.02
3.00 14195.19
1.00 1474.25
1.00 454.64
3.00 2914.94
4.00 599.50
0.00 550.34
1.00 589.46
4.00 10704.90
0.00 76.48
3.00 11266.47
4.00 1006.48
3.00 13623.16
5.00 15678.04
1.00 2077.73
4.00 14056.11
4.00 13629.65
3.00 8764.16
3.00 12649.23
3.00 11775.90
0.00 1089.65
1.00 4627.02
4.00 2613.05
3.00 18322.73
5.00 1709.29
3.00 11158.80
4.00 10474.93
3.00 11870.52
3.00 17450.58
4.00 5941.52
3.00 1737.94
4.00 11660.39
4.00 824.28
3.00 11657.92
20.00 6065.53
2.00 12433.79
4.00 18848.86
3.00 13030.90
4.00 9693.47
4.00 1710.04
2.00 12328.80
0.00 888.57
2.00 14405.21
4.00 8026.30
4.00 10948.85
0.00 792.78
4.00 11228.30
3.00 10855.15
5.00 11039.60
3.00 16562.69
3.00 10460.54
0.00 819.28
4.00 12081.40
21.00 703.26
1.00 1086.95
2.00 752.94
1.00 1597.89
2.00 13644.50
4.00 9903.39
3.00 12643.57
3.00 8047.93
4.00 7457.59
4.00 12783.65
1.00 7291.99
1.00 2195.12
3.00 13826.26
20.00 2249.56
3.00 11244.47
3.00 13083.25
4.00 4377.81
3.00 9117.11
1.00 1234.81
3.00 3005.54
3.00 14893.96
4.00 5058.58
3.00 12825.16
3.00 9865.10
19.00 8250.43
5.00 11808.66
3.00 12877.88
5.00 1389.64
3.00 10865.30
2.00 10430.98
0.00 900.96
4.00 18314.09
5.00 6696.63
4.00 10836.92
5.00 2944.23
3.00 11518.85
0.00 777.92
6.00 5800.65
4.00 11660.98
5.00 1476.55
17.00 18656.15
1.00 2535.20
2.00 12287.11
4.00 8895.75
4.00 11899.72
4.00 6914.62
1.00 1098.44
2.00 2482.30
4.00 13354.38
4.00 2809.53
1.00 1053.00
1.00 1686.50
20.00 2788.95
5.00 851.79
1.00 1208.36
1.00 604.56
4.00 12934.80
3.00 12858.21
4.00 10694.70
3.00 13092.25
3.00 14468.75
4.00 12735.06
0.00 738.17
20.00 11851.89
1.00 7487.96
4.00 538.93
4.00 13104.26
4.00 17726.56
1.00 1251.50
3.00 9543.77
0.00 227.37
4.00 14057.03
0.00 743.60
1.00 569.33
20.00 1713.70
4.00 896.50
4.00 12337.37
5.00 452.62
0.00 437.52
7.00 13406.29
4.00 12098.72
0.00 412.34
1.00 1912.95
3.00 12608.83
4.00 11251.37
3.00 12046.38
3.00 12397.08
3.00 10492.38
0.00 1362.50
3.00 10090.63
3.00 12975.77
4.00 12101.34
3.00 11519.95
4.00 11374.97
3.00 12166.25
4.00 11061.16
20.00 9085.47
2.00 7942.91
3.00 12519.71
3.00 11891.18
4.00 2232.55
2.00 3010.02
1.00 1953.88
4.00 10813.50
0.00 618.14
4.00 16630.46
4.00 11736.77
2.00 18298.90
1.00 2407.96
1.00 1121.49
3.00 3261.26
17.00 2349.25
5.00 13601.69
4.00 1781.16
0.00 1194.08
4.00 16172.90
3.00 12703.07
2.00 11499.81
2.00 11820.71
2.00 13207.18
1.00 4582.49
0.00 848.73
5.00 18594.36
4.00 9600.70
1.00 83.22
1.00 732.00
3.00 9881.23
4.00 12885.12
4.00 2669.48
4.00 13913.88
21.00 6754.98
4.00 6275.96
3.00 12121.58
3.00 11954.51
4.00 13452.82
4.00 10316.65
4.00 904.73
4.00 6285.41
1.00 563.92
3.00 11593.50
4.00 8141.67
1.00 105.62
2.00 12487.95
3.00 9824.97
4.00 12399.69
4.00 12076.98
0.00 533.64
4.00 12026.52
1.00 324.32
3.00 14866.33
3.00 12068.97
3.00 13008.22
4.00 10760.62
0.00 524.59
3.00 14529.95
3.00 10145.12
1.00 7446.54
2.00 16015.97
3.00 9273.65
4.00 10590.95
66.00 13844.55
1.00 438.82
0.00 852.70
3.00 11966.80
4.00 1667.84
4.00 4451.56
3.00 753.37
1.00 865.86
0.00 508.44
3.00 17170.50
3.00 11506.57
17.00 15793.85
3.00 4698.23
1.00 945.69
3.00 12110.49
23.00 8275.37
3.00 12038.17
3.00 11355.88
5.00 14435.72
3.00 9916.64
4.00 2756.69
0.00 1292.72
3.00 10233.42
1.00 1066.79
1.00 720.81
2.00 12672.85
4.00 3304.66
4.00 11896.70
1.00 1353.37
0.00 735.73
3.00 12040.52
3.00 12731.35
2.00 17872.82
4.00 7914.77
2.00 10327.73
3.00 12864.49
4.00 9217.17
2.00 15073.40
0.00 25560.41
0.00 923.84
0.00 1468.02
3.00 994.95
1.00 377.06
19.00 17811.98
4.00 1404.35
4.00 7242.76
0.00 820.55
4.00 1787.57
4.00 13219.91
3.00 12290.88
1.00 10423.47
21.00 15937.83
5.00 12799.44
3.00 11332.64
4.00 14892.01
5.00 11943.51
4.00 15136.55
5.00 12924.45
3.00 9662.58
3.00 12666.24
3.00 11343.57
4.00 14499.81
5.00 2210.27
1.00 1343.23
3.00 12575.43
4.00 14870.22
0.00 1175.74
1.00 616.75
3.00 11479.37
0.00 765.56
5.00 6639.00
4.00 12865.11
32.00 11399.77
0.00 724.36
3.00 11790.38
18.00 13982.11
4.00 13387.13
4.00 9420.18
2.00 15207.04
4.00 10385.10
2.00 13315.43
3.00 12306.53
3.00 10042.25
2.00 12277.09
4.00 4514.43
2.00 18408.51
10.00 14621.68
3.00 12561.14
4.00 4285.29
0.00 883.79
2.00 13718.22
4.00 9997.29
3.00 11114.75
3.00 15711.66
3.00 10045.65
4.00 11787.56
0.00 535.94
23.00 880.97
3.00 10010.76
3.00 12500.83
3.00 12052.50
4.00 9226.31
3.00 12548.52
2.00 8087.81
1.00 1855.96
0.00 977.19
3.00 12787.92
0.00 980.74
4.00 9421.41
4.00 11983.37
2.00 12059.20
3.00 6671.60
4.00 3630.09
9.00 12505.74
0.00 907.92
3.00 6872.45
1.00 1933.02
0.00 744.57
1.00 834.65
4.00 10914.37
0.00 412.04
3.00 12734.76
4.00 12803.05
3.00 5104.96
4.00 2970.67
4.00 5271.73
5.00 7682.01
3.00 11231.07
4.00 10812.49
4.00 12001.51
22.00 1721.73
4.00 14149.02
2.00 13968.42
5.00 14647.25
3.00 13083.88
2.00 11460.32
3.00 12545.23
0.00 389.62
4.00 1389.59
0.00 1064.24
3.00 13431.83
3.00 7875.59
3.00 10901.97
3.00 10980.34
2.00 12928.81
0.00 365.76
3.00 13766.04
4.00 13315.54
3.00 12485.05
3.00 5752.91
0.00 705.11
3.00 1834.62
3.00 10473.86
1.00 1899.02
4.00 13233.80
4.00 7514.81
9.00 3237.95
2.00 10398.43
1.00 9774.17
0.00 687.17
3.00 3433.15
18.00 3031.02
2.00 10738.25
3.00 12946.31
3.00 13994.51
3.00 13344.60
3.00 10386.99
3.00 12616.32
4.00 12095.15
2.00 11189.87
23.00 1751.72
4.00 1193.76
0.00 1704.00
8.00 1128.46
21.00 8301.90
8.00 14588.24
2.00 20270.95
1.00 1112.36
1.00 3035.71
1.00 1000.94
4.00 863.44
3.00 11298.09
5.00 1631.46
1.00 976.38
3.00 15099.06
4.00 4747.78
1.00 1370.64
1.00 1102.10
1.00 1656.22
1.00 924.96
3.00 12670.08
0.00 824.29
3.00 16718.40
3.00 11483.44
4.00 5517.25
3.00 12615.85
4.00 12368.20
1.00 316.09
2.00 18047.61
4.00 13620.34
3.00 11029.03
4.00 10262.29
2.00 13745.07
4.00 9653.46
4.00 11994.64
1.00 -216.72
3.00 12974.56
3.00 13177.42
2.00 14901.16
4.00 9545.04
3.00 11848.76
1.00 785.19
3.00 14423.82
3.00 11632.79
4.00 2149.91
2.00 11245.50
0.00 798.21
0.00 545.75
1.00 962.37
4.00 12044.67
4.00 2624.79
5.00 12516.27
3.00 15560.97
4.00 11250.91
3.00 15040.62
5.00 10099.66
2.00 12938.09
2.00 16957.62
4.00 14434.59
4.00 10754.24
4.00 10691.95
2.00 12912.66
3.00 10589.73
1.00 821.19
3.00 12625.74
4.00 11971.90
5.00 1563.87
0.00 1885.79
1.00 13715.18
1.00 966.67
1.00 909.91
28.00 9838.01
5.00 10324.26
3.00 10367.32
2.00 17309.71
2.00 12515.24
0.00 1045.48
1.00 912.40
3.00 13353.27
4.00 13246.93
4.00 9632.94
19.00 2279.00
0.00 1446.68
2.00 10603.83
19.00 8660.05
5.00 15918.71
18.00 5796.58
1.00 9688.00
1.00 5802.28
5.00 8666.73
3.00 12274.55
0.00 1157.06
0.00 482.59
4.00 3338.42
3.00 12738.31
7.00 1512.73
30.00 10686.37
3.00 7992.43
51.00 11899.55
4.00 13085.45
4.00 10792.71
4.00 11002.28
4.00 1592.12
20.00 1390.13
3.00 9573.31
2.00 12800.71
6.00 5888.65
2.00 12306.93
1.00 2056.66
2.00 11927.00
0.00 846.55
4.00 10225.85
1.00 3453.06
4.00 12214.70
3.00 12079.57
3.00 2929.49
5.00 12630.32
3.00 5321.09
2.00 13915.49
4.00 11052.80
3.00 18479.96
4.00 1461.10
0.00 608.32
5.00 14186.39
4.00 11219.23
3.00 14343.61
3.00 12747.19
5.00 14368.04
1.00 839.48
3.00 8244.50
29.00 9581.08
3.00 17072.25
0.00 1002.13
3.00 11599.22
2.00 12395.93
3.00 6607.49
2.00 8658.41
3.00 9828.70
3.00 1802.90
1.00 1236.15
2.00 12377.54
1.00 1019.75
4.00 11977.51
2.00 8406.26
3.00 12202.86
3.00 17413.22
1.00 1903.24
6.00 319.98
4.00 11710.47
4.00 11580.03
3.00 11169.70
1.00 1389.49
21.00 9177.36
1.00 1120.98
3.00 13201.98
2.00 13006.29
3.00 13119.58
3.00 15463.48
3.00 10251.01
0.00 1018.26
3.00 10227.33
4.00 11912.90
2.00 12539.47
2.00 14237.17
4.00 12365.00
1.00 628.70
4.00 9929.10
1.00 1648.15
4.00 8742.24
26.00 1075.01
1.00 772.21
4.00 14170.17
4.00 12631.60
55.00 12017.38
3.00 13057.79
0.00 1027.72
1.00 835.87
4.00 1281.59
1.00 673.67
4.00 12710.12
4.00 3763.17
20.00 3084.16
3.00 19849.44
4.00 12307.39
3.00 8980.09
1.00 10001.58
5.00 12591.37
2.00 11230.36
1.00 1018.31
5.00 131.42
0.00 661.60
3.00 12664.16
4.00 11978.38
4.00 14627.68
0.00 483.31
3.00 10090.33
4.00 8318.42
1.00 928.96
0.00 630.29
3.00 15126.94
5.00 9304.55
6.00 14736.31
0.00 552.53
3.00 14596.60
1.00 899.72
21.00 12664.32
5.00 12840.08
25.00 10024.15
4.00 9004.93
3.00 11255.04
1.00 827.20
2.00 10478.29
3.00 9857.15
3.00 14260.16
3.00 11885.84
21.00 8240.65
3.00 12213.70
0.00 715.50
3.00 12847.89
1.00 5534.12
0.00 805.10
3.00 12893.16
3.00 11883.98
3.00 11678.17
7.00 14040.56
3.00 11786.80
4.00 1560.36
4.00 10301.83
4.00 13009.48
7.00 1909.41
4.00 8751.77
4.00 2264.60
3.00 12563.95
2.00 1624.75
3.00 6812.28
3.00 1480.17
4.00 5181.52
18.00 12875.58
2.00 726.96
18.00 9386.71
3.00 14598.70
0.00 636.99
21.00 10336.86
3.00 4885.69
3.00 14338.80
3.00 11716.08
3.00 1693.07
3.00 12812.12
4.00 12828.45
3.00 11361.28
4.00 15150.19
2.00 13186.58
0.00 622.84
32.00 5400.16
4.00 8111.98
3.00 12864.47
0.00 525.74
4.00 19293.29
4.00 12705.37
3.00 12913.67
20.00 10480.43
1.00 785.09
3.00 14672.96
3.00 6906.37
3.00 13687.95
7.00 2644.78
0.00 1911.71
5.00 15771.15
1.00 946.78
3.00 12179.33
0.00 1177.09
3.00 12517.66
3.00 10871.15
4.00 16474.90
0.00 474.20
3.00 3224.58
5.00 9681.31
4.00 10240.00
3.00 7267.88
3.00 13777.56
24.00 7644.49
4.00 1178.19
0.00 531.49
3.00 10078.97
2.00 14011.32
0.00 1268.51
3.00 14810.28
3.00 12096.45
5.00 877.04
3.00 9124.71
5.00 10455.86
1.00 2278.10
4.00 15439.24
0.00 811.16
2.00 12642.67
11.00 2588.74
3.00 15334.43
0.00 1608.08
0.00 403.76
4.00 11658.76
4.00 12639.30
0.00 1054.44
1.00 738.88
1.00 1147.81
3.00 11028.63
4.00 1430.93
3.00 14863.97
1.00 946.27
3.00 12517.27
3.00 11195.47
1.00 1317.06
0.00 23434.33
4.00 12936.07
4.00 12767.39
3.00 13699.90
4.00 12454.96
4.00 7879.59
2.00 12083.88
4.00 12554.83
4.00 2776.46
44.00 4795.84
1.00 1050.97
3.00 17310.12
3.00 20529.43
32.00 1088.57
51.00 10322.20
1.00 2667.87
4.00 2048.39
3.00 14762.88
0.00 703.16
5.00 9275.93
1.00 3738.59
3.00 10453.95
3.00 12012.17
0.00 1115.65
3.00 13729.35
3.00 12060.30
0.00 328.81
2.00 10632.14
0.00 764.79
4.00 9354.35
0.00 555.71
21.00 9225.85
3.00 2275.14
3.00 12450.61
20.00 8761.65
1.00 6207.58
3.00 21310.02
3.00 15318.64
1.00 729.18
3.00 1518.50
4.00 12409.97
5.00 18943.95
4.00 11427.68
4.00 6172.76
4.00 15779.73
5.00 4947.38
3.00 15044.96
3.00 11123.46
4.00 13038.41
21.00 572.96
2.00 11739.55
2.00 14038.38
32.00 11883.98
2.00 11794.00
3.00 12488.83
4.00 977.88
4.00 -449.28
0.00 833.33
1.00 7510.60
0.00 200.75
3.00 15355.77
4.00 3732.34
1.00 1142.09
1.00 1165.10
5.00 15279.92
1.00 920.87
3.00 12167.38
4.00 10594.28
3.00 16148.51
4.00 15441.05
5.00 6957.78
2.00 13081.48
4.00 12626.98
3.00 12048.86
3.00 12415.53
3.00 6768.48
1.00 662.20
0.00 832.67
1.00 972.02
1.00 959.19
4.00 10757.44
1.00 528.44
4.00 13001.86
0.00 819.01
0.00 1396.08
3.00 7638.59
3.00 11589.10
3.00 9400.72
1.00 943.70
19.00 19044.11
19.00 2771.80
4.00 2007.08
1.00 773.42
3.00 17687.65
1.00 1048.41
3.00 12403.58
4.00 11604.66
6.00 11068.06
4.00 13331.46
1.00 522.49
2.00 13437.72
2.00 18182.25
0.00 1006.80
4.00 11336.36
4.00 14117.12
21.00 1880.83
4.00 9698.96
4.00 12156.05
3.00 11661.73
4.00 11488.89
3.00 11410.99
1.00 510.23
4.00 12277.59
3.00 7491.30
4.00 11428.32
4.00 1313.90
0.00 996.13
1.00 3173.71
3.00 12048.47
0.00 912.65
4.00 13100.69
3.00 12299.62
3.00 12964.04
0.00 1018.63
4.00 3947.99
3.00 9165.96
1.00 766.07
4.00 15130.88
3.00 11525.53
3.00 9802.21
1.00 1571.71
5.00 13568.03
3.00 12197.30
4.00 12545.05
21.00 4160.93
4.00 17737.66
4.00 13468.05
2.00 10397.82
19.00 9004.28
4.00 13266.37
2.00 12972.96
0.00 982.68
2.00 12282.78
3.00 12930.58
5.00 6785.42
0.00 597.16
2.00 6097.27
2.00 15745.95
4.00 12619.10
2.00 13790.02
4.00 15417.53
4.00 11136.50
4.00 12604.43
4.00 13601.29
4.00 12792.16
0.00 477.60
2.00 12524.85
19.00 16214.36
15.00 8799.60
3.00 9059.79
4.00 14091.63
6.00 843.75
5.00 12929.67
1.00 949.98
4.00 11483.63
3.00 8485.70
3.00 11137.62
5.00 8838.69
1.00 2304.18
19.00 10744.67
1.00 360.72
3.00 13325.28
4.00 11354.60
4.00 6420.11
9.00 14283.42
15.00 2409.47
3.00 4988.49
5.00 12888.45
3.00 13538.60
1.00 6321.58
1.00 5074.26
1.00 1025.09
4.00 916.51
0.00 684.33
5.00 8469.80
8.00 6404.64
5.00 5748.04
3.00 14225.26
4.00 13094.81
3.00 12982.71
4.00 9635.00
4.00 13873.03
4.00 13515.58
4.00 12893.64
3.00 8571.87
3.00 7734.50
1.00 1029.54
4.00 1579.09
1.00 1118.19
3.00 14820.27
3.00 10649.11
4.00 5408.70
4.00 9346.06
2.00 12789.22
3.00 24552.00
1.00 998.29
4.00 11869.89
2.00 12332.76
4.00 9570.83
3.00 10756.45
5.00 10600.62
2.00 11091.52
18.00 3312.50
3.00 10677.90
25.00 1500.18
0.00 701.09
4.00 10283.12
3.00 12485.83
4.00 11958.30
3.00 12678.80
16.00 2652.00
3.00 9258.09
1.00 1102.61
1.00 10809.25
1.00 9679.25
3.00 13096.50
25.00 9980.45
1.00 733.60
0.00 625.51
3.00 13795.70
3.00 9449.76
1.00 983.27
3.00 11887.11
0.00 1160.04
0.00 561.56
2.00 661.23
1.00 -71.85
0.00 1131.02
5.00 5504.90
3.00 13498.14
4.00 11182.05
1.00 15012.82
3.00 9785.60
4.00 12053.24
0.00 538.96
3.00 13790.28
0.00 1321.89
1.00 852.55
19.00 2913.25
6.00 868.40
0.00 784.22
4.00 5552.33
2.00 9734.65
5.00 8774.12
3.00 18018.71
4.00 12830.77
2.00 10682.16
4.00 10763.96
1.00 919.98
4.00 17093.44
1.00 894.12
5.00 12428.93
3.00 13594.19
4.00 14035.33
0.00 689.47
2.00 9874.65
3.00 12364.97
3.00 12466.37
3.00 12912.63
4.00 7490.52
4.00 4913.49
3.00 7298.35
3.00 10929.68
1.00 979.28
2.00 169.08
5.00 7126.33
4.00 13739.15
4.00 1525.45
3.00 12155.55
35.00 1360.65
4.00 28.19
3.00 13296.54
3.00 12634.47
5.00 12245.40
4.00 14927.90
5.00 2393.00
0.00 1084.90
3.00 15397.67
24.00 10731.69
1.00 7524.40
3.00 14840.88
12.00 7278.90
21.00 9794.83
20.00 7162.54
3.00 12886.47
0.00 1075.03
3.00 11129.47
3.00 16647.32
5.00 5632.29
0.00 1675.77
3.00 17570.68
1.00 5735.27
0.00 187.52
3.00 11619.63
4.00 4754.65
0.00 940.32
3.00 12700.09
4.00 2128.92
3.00 13076.05
3.00 1768.98
5.00 12653.79
2.00 12042.03
1.00 1208.82
3.00 1579.05
1.00 1153.67
3.00 16482.58
4.00 13294.04
4.00 11941.51
1.00 701.35
4.00 11117.75
3.00 14207.51
4.00 12946.70
2.00 9472.56
4.00 11456.39
1.00 14336.25
3.00 18460.29
4.00 1581.65
3.00 12625.16
3.00 18294.89
5.00 1262.93
1.00 1350.40
4.00 11237.56
3.00 12455.00
4.00 15831.04
0.00 666.96
5.00 10497.20
0.00 274.25
3.00 12252.20
2.00 9719.74
1.00 5594.39
19.00 9690.41
11.00 13373.09
2.00 15141.76
0.00 1852.74
2.00 13028.97
3.00 10571.27
4.00 5213.06
3.00 14167.73
19.00 17975.91
1.00 854.07
4.00 9377.13
4.00 12866.56
4.00 1311.20
3.00 5900.94
23.00 12179.27
2.00 11775.16
3.00 10934.46
0.00 942.01
1.00 711.50
10.00 4235.57
3.00 10116.40
2.00 9265.01
4.00 12639.96
16.00 5294.25
4.00 12304.98
3.00 1234.22
2.00 10596.81
5.00 12315.78
4.00 14576.53
3.00 8696.07
3.00 9829.43
3.00 4442.15
3.00 11481.54
3.00 13787.89
0.00 1259.59
2.00 11946.31
2.00 10970.30
1.00 1523.58
5.00 1053.01
0.00 673.32
0.00 1292.92
4.00 12516.28
4.00 2130.36
3.00 12162.57
1.00 1258.58
2.00 9623.08
20.00 2213.26
2.00 11023.71
4.00 13921.43
4.00 3720.55
2.00 15674.57
4.00 1273.89
2.00 1329.01
3.00 13281.54
3.00 1783.74
1.00 914.68
3.00 13832.70
65.00 14290.00
8.00 1872.40
3.00 15634.05
5.00 7764.02
1.00 1078.86
2.00 7107.06
5.00 13133.06
4.00 14083.96
1.00 5862.78
1.00 2945.37
1.00 538.46
4.00 9026.85
1.00 6246.86
4.00 1133.39
1.00 5269.59
3.00 10896.29
4.00 7822.97
3.00 14883.75
6.00 8209.40
4.00 14934.96
1.00 694.13
1.00 1189.34
3.00 7670.79
0.00 484.11
2.00 3756.28
4.00 12027.48
12.00 2626.05
24.00 9283.28
4.00 10578.48
2.00 17671.32
2.00 12634.52
5.00 15117.98
3.00 1350.74
2.00 19277.74
4.00 13856.96
1.00 2251.45
3.00 11906.94
3.00 1501.96
5.00 6357.54
4.00 11774.96
19.00 8599.11
4.00 12547.20
4.00 13621.80
2.00 13112.55
7.00 13125.49
3.00 12315.24
3.00 8425.64
3.00 14226.42
5.00 15020.58
4.00 12999.13
0.00 637.33
1.00 975.97
3.00 8108.68
1.00 1249.68
5.00 11360.18
0.00 1274.15
4.00 909.12
3.00 11703.92
3.00 12380.95
4.00 2631.16
1.00 1135.58
27.00 8456.70
0.00 955.40
1.00 5802.51
2.00 9241.90
3.00 5848.01
4.00 14688.14
2.00 14998.97
2.00 11497.32
2.00 13196.54
3.00 12311.68
4.00 5312.09
3.00 3711.48
1.00 154.75
2.00 13839.24
1.00 1980.77
3.00 11858.87
3.00 12016.76
6.00 9903.61
4.00 8200.82
2.00 10999.63
3.00 12542.13
20.00 11726.28
5.00 8517.38
4.00 4378.24
1.00 1826.72
4.00 15051.23
3.00 11241.18
3.00 12693.88
3.00 13654.69
6.00 1869.73
3.00 1723.70
3.00 13419.62
1.00 8000.88
4.00 11610.64
3.00 11253.50
3.00 10947.84
3.00 13268.86
5.00 1347.07
3.00 11667.16
18.00 11111.54
3.00 4705.28
1.00 2887.49
4.00 8423.61
4.00 901.79
48.00 11954.03
3.00 11581.07
3.00 11346.26
4.00 16013.98
4.00 11118.07
3.00 25223.98
4.00 8846.64
3.00 12561.78
0.00 874.08
5.00 884.62
1.00 1007.05
4.00 1158.75
1.00 7799.58
4.00 16601.52
22.00 7506.27
3.00 1478.55
3.00 12379.44
3.00 18505.99
3.00 16900.92
3.00 18969.44
11.00 13836.29
3.00 11869.64
4.00 6931.82
4.00 9278.55
2.00 11913.71
3.00 3991.08
3.00 933.30
4.00 11796.89
3.00 16885.23
3.00 12870.48
3.00 13282.71
2.00 11095.27
0.00 1555.75
16.00 4074.94
3.00 12126.79
2.00 17950.56
0.00 404.43
1.00 1107.56
4.00 1331.70
0.00 631.92
3.00 21573.63
21.00 19393.04
1.00 1479.67
0.00 997.18
3.00 11802.51
0.00 804.99
3.00 13074.24
2.00 19863.74
0.00 1004.04
4.00 12630.23
19.00 18373.67
0.00 895.15
0.00 1059.75
4.00 13496.93
4.00 5553.78
3.00 10813.08
3.00 14397.09
1.00 962.62
5.00 283.40
4.00 1590.01
3.00 8166.31
1.00 761.99
4.00 8885.89
12.00 5410.97
3.00 13150.52
0.00 490.19
3.00 10099.52
0.00 636.27
3.00 12618.09
4.00 11819.49
5.00 13144.05
3.00 2882.48
3.00 12130.13
4.00 10963.96
37.00 9557.80
4.00 12081.44
18.00 13783.13
4.00 8276.37
2.00 1072.26
3.00 13445.20
5.00 2569.65
4.00 12196.93
3.00 12608.52
16.00 10608.45
4.00 9813.44
3.00 5386.36
5.00 3536.13
3.00 5520.74
5.00 2518.96
0.00 603.88
1.00 2023.60
3.00 11719.41
5.00 2436.06
3.00 11249.17
4.00 1293.62
3.00 11726.39
3.00 13675.49
1.00 956.27
3.00 15180.14
5.00 4067.02
1.00 817.86
3.00 11921.85
1.00 8675.49
0.00 1486.48
4.00 14693.62
4.00 13027.27
5.00 1224.76
5.00 12831.25
4.00 8870.24
1.00 784.97
0.00 850.68
4.00 16875.84
