185.00 1109.16
248.00 385.09
207.00 141.68
295.00 138.02
215.00 457.92
258.00 110.42
350.00 6.44
157.00 14647.67
373.00 196.90
162.00 148.05
184.00 374.11
220.00 285.73
218.00 35.04
224.00 273.55
349.00 151.77
346.00 128.55
49.00 170.94
139.00 286.01
251.00 412.39
82.00 368.34
247.00 561.49
376.00 13031.32
428.00 93.79
191.00 133.76
222.00 182.05
204.00 172.66
254.00 738.35
231.00 120.43
475.00 490.13
403.00 19617.58
182.00 215.65
365.00 10346.95
209.00 177.05
281.00 46.38
353.00 11079.94
318.00 10595.99
229.00 5.07
435.00 490.24
302.00 69.72
381.00 1105.73
313.00 165.20
154.00 219.60
419.00 12511.78
267.00 9180.02
158.00 2600.21
55.00 426.07
353.00 121.90
201.00 17.29
156.00 7658.32
373.00 175.44
353.00 5.87
195.00 532.83
357.00 -11.72
342.00 4470.38
274.00 -100.12
148.00 370.89
230.00 369.57
162.00 85.93
384.00 195.56
239.00 11586.03
422.00 164.66
384.00 1278.07
267.00 14.18
221.00 11883.32
211.00 33.54
228.00 182.61
362.00 -125.42
397.00 45.71
127.00 169.72
184.00 16913.34
398.00 -46.18
310.00 265.93
151.00 12623.40
213.00 303.39
376.00 169.02
87.00 81.28
393.00 9668.96
231.00 261.39
215.00 12.65
149.00 615.29
235.00 206.27
434.00 17158.76
116.00 2105.08
413.00 17795.97
370.00 11213.78
186.00 82.75
383.00 7773.10
577.00 63.34
400.00 -34.99
201.00 226.99
354.00 65.93
351.00 -48.10
238.00 250.64
111.00 1748.63
109.00 2742.75
321.00 189.57
381.00 11258.07
164.00 177.17
338.00 2466.49
1144.00 538.73
135.00 115.12
211.00 57.46
168.00 125.21
345.00 10625.75
224.00 22.73
199.00 9603.14
225.00 76.96
98.00 1208.36
202.00 903.71
148.00 231.57
468.00 9043.30
236.00 12718.39
430.00 -5.47
159.00 8961.73
332.00 10006.71
232.00 198.35
231.00 284.53
296.00 597.62
210.00 171.52
247.00 105.15
216.00 377.63
147.00 249.34
332.00 8953.29
384.00 -73.64
194.00 30.55
220.00 226.77
179.00 1255.62
160.00 11862.18
365.00 8995.45
292.00 10942.30
377.00 143.03
365.00 8043.05
211.00 170.06
110.00 115.42
351.00 168.48
214.00 159.62
443.00 10276.89
227.00 -18.12
173.00 2341.03
86.00 824.82
177.00 2473.65
376.00 72.39
183.00 18662.15
260.00 162.11
174.00 180.72
257.00 244.35
219.00 194.52
409.00 -15.82
223.00 82.28
284.00 30.11
188.00 9243.56
253.00 137.04
209.00 262.48
222.00 180.47
115.00 5515.62
227.00 150.96
212.00 11219.68
240.00 278.82
255.00 735.24
270.00 9910.65
199.00 202.43
179.00 102.47
320.00 352.23
187.00 532.42
337.00 415.35
230.00 117.94
444.00 21596.29
351.00 1876.65
251.00 137.97
84.00 153.59
463.00 15207.24
384.00 134.18
107.00 6204.32
202.00 234.81
238.00 9398.93
157.00 40.34
234.00 10748.97
224.00 541.07
288.00 -29.22
195.00 2826.55
398.00 -25.85
93.00 3271.09
376.00 9879.12
129.00 5049.38
286.00 2119.00
331.00 2073.73
372.00 57.65
330.00 11311.23
198.00 242.72
386.00 92.27
358.00 1662.83
235.00 209.47
199.00 13697.75
182.00 11847.15
150.00 13790.66
267.00 206.22
212.00 514.62
451.00 -68.32
159.00 95.08
137.00 3657.92
389.00 13456.36
142.00 177.74
153.00 178.82
212.00 115.42
255.00 12848.57
363.00 425.56
123.00 348.31
301.00 13058.96
373.00 1619.60
365.00 25.90
214.00 137.56
476.00 1846.40
377.00 11863.47
400.00 141.45
136.00 117.23
160.00 1060.71
193.00 11971.76
252.00 63.82
402.00 11645.74
401.00 18.90
211.00 -98.82
220.00 125.05
220.00 146.94
392.00 13038.16
179.00 302.94
159.00 2964.31
354.00 872.11
172.00 205.06
127.00 11324.83
355.00 -107.05
213.00 130.22
176.00 4651.92
88.00 388.09
235.00 308.35
296.00 37.29
361.00 184.11
237.00 125.28
216.00 223.88
162.00 403.32
222.00 181.89
347.00 13265.87
218.00 219.72
197.00 963.03
220.00 208.42
190.00 92.68
171.00 14135.00
359.00 582.93
417.00 4821.74
378.00 637.64
148.00 436.42
217.00 141.10
354.00 92.79
144.00 12097.11
200.00 -13.32
207.00 149.26
376.00 9543.18
125.00 215.86
165.00 17222.86
323.00 11174.32
343.00 -64.54
408.00 12541.45
206.00 241.08
220.00 136.26
363.00 7664.28
209.00 110.92
216.00 1131.19
203.00 123.18
257.00 1812.08
198.00 218.71
293.00 6913.25
286.00 343.30
208.00 40.49
175.00 2555.53
196.00 100.48
110.00 17650.38
223.00 445.57
219.00 77.45
277.00 12044.45
189.00 238.67
154.00 171.56
196.00 199.10
251.00 9787.79
206.00 111.79
407.00 129.11
344.00 59.68
188.00 157.20
296.00 13105.00
222.00 271.78
201.00 15664.07
158.00 665.45
170.00 -58.55
333.00 192.68
226.00 95.00
112.00 11175.12
368.00 -140.50
351.00 993.23
172.00 16401.14
305.00 9826.47
297.00 356.31
409.00 10821.76
258.00 268.32
143.00 576.57
161.00 136.24
209.00 214.61
218.00 196.31
420.00 13162.65
91.00 1410.22
388.00 47.44
1003.00 10151.44
165.00 155.67
203.00 242.00
403.00 13861.70
214.00 240.54
274.00 179.87
203.00 280.73
391.00 13685.17
236.00 187.42
170.00 19172.88
125.00 4193.23
275.00 13978.35
248.00 2762.29
205.00 147.78
458.00 696.45
102.00 199.97
186.00 456.19
380.00 146.00
240.00 84.08
211.00 1006.22
402.00 13604.72
183.00 16360.43
251.00 3081.40
192.00 12203.36
225.00 272.22
396.00 102.13
310.00 112.34
400.00 10636.71
123.00 3811.64
342.00 178.74
335.00 87.41
219.00 283.61
299.00 95.29
232.00 84.17
225.00 59.11
373.00 10511.43
402.00 161.54
329.00 71.51
336.00 206.24
184.00 299.68
336.00 2269.25
218.00 111.97
205.00 161.12
251.00 3429.18
219.00 10.41
360.00 97.74
154.00 1712.95
119.00 108.69
409.00 91.92
232.00 3696.70
230.00 257.20
198.00 36.79
219.00 62.16
388.00 11992.07
202.00 320.81
206.00 386.92
359.00 -33.54
116.00 3220.99
429.00 16192.35
321.00 138.10
192.00 190.96
362.00 103.31
164.00 152.88
198.00 188.98
373.00 72.71
177.00 832.21
275.00 112.06
211.00 80.28
534.00 925.63
361.00 73.68
142.00 288.49
426.00 -97.36
223.00 646.90
173.00 11415.09
400.00 12433.17
402.00 197.24
316.00 352.82
402.00 -165.48
178.00 13781.34
400.00 99.61
382.00 20.63
71.00 448.61
225.00 71.71
84.00 930.15
537.00 4688.37
168.00 335.02
233.00 110.06
150.00 300.60
82.00 220.41
330.00 652.71
183.00 5.30
386.00 10054.45
70.00 161.12
381.00 58.52
237.00 212.54
459.00 297.83
264.00 123.68
238.00 343.31
130.00 3318.90
347.00 9546.77
187.00 140.93
300.00 17834.03
217.00 150.93
143.00 2587.20
280.00 227.84
187.00 1572.80
212.00 -75.69
374.00 12260.46
204.00 -2.86
157.00 259.85
225.00 181.91
302.00 11134.47
417.00 -46.26
210.00 96.05
379.00 -43.02
324.00 55.99
381.00 14985.71
198.00 190.06
395.00 64.53
249.00 372.47
277.00 143.46
113.00 2199.67
211.00 144.97
207.00 11218.00
205.00 1045.83
318.00 17824.71
275.00 1489.99
210.00 173.17
169.00 195.15
205.00 81.43
290.00 894.12
350.00 10991.25
356.00 156.61
222.00 8619.29
260.00 1173.53
400.00 43.02
580.00 150.16
181.00 9327.61
361.00 192.18
166.00 82.11
423.00 13299.62
195.00 91.83
99.00 7.30
413.00 12764.38
433.00 161.20
220.00 1973.10
215.00 341.58
245.00 31.40
189.00 14103.28
365.00 229.47
203.00 14065.47
157.00 8221.31
394.00 99.51
164.00 3276.28
283.00 152.40
197.00 32.16
278.00 16331.93
368.00 -57.16
384.00 11887.13
323.00 251.76
372.00 2234.61
157.00 14757.59
197.00 287.08
382.00 623.29
182.00 212.36
429.00 14568.01
386.00 -11.38
347.00 342.30
386.00 -124.53
97.00 3107.09
214.00 43.62
390.00 227.23
101.00 8312.68
171.00 13330.62
250.00 2443.56
393.00 13184.98
150.00 2855.83
166.00 5352.61
367.00 165.06
205.00 101.95
269.00 -49.09
245.00 129.90
373.00 14472.54
203.00 148.21
310.00 14283.38
234.00 378.45
218.00 225.05
148.00 172.68
210.00 71.89
389.00 11007.71
214.00 608.92
214.00 137.07
365.00 35.49
167.00 2713.66
234.00 354.20
536.00 708.30
308.00 253.69
226.00 14156.19
396.00 94.33
204.00 246.88
75.00 100.58
174.00 152.56
342.00 78.48
350.00 215.72
136.00 188.70
232.00 58.35
454.00 -87.76
212.00 107.41
131.00 3551.28
170.00 84.33
215.00 182.63
136.00 9928.05
272.00 74.66
383.00 -74.62
268.00 5347.67
230.00 97.28
189.00 9166.27
237.00 655.96
205.00 165.43
159.00 279.98
437.00 -87.52
223.00 44.04
187.00 249.00
395.00 10.43
480.00 941.11
454.00 3456.74
97.00 337.41
154.00 200.64
212.00 135.30
440.00 1929.91
438.00 14797.81
230.00 159.36
259.00 12070.08
167.00 -28.60
178.00 16684.99
345.00 -26.82
134.00 152.41
279.00 2908.14
316.00 8884.07
255.00 649.41
180.00 2466.87
219.00 293.00
165.00 9773.48
263.00 264.90
419.00 190.21
209.00 192.71
130.00 277.87
221.00 193.11
374.00 -16.30
215.00 170.31
414.00 544.13
373.00 -69.10
377.00 189.49
376.00 907.82
182.00 188.08
272.00 1059.32
229.00 197.90
364.00 11768.74
208.00 67.12
261.00 391.70
583.00 8248.36
369.00 405.88
321.00 165.44
220.00 178.19
294.00 12955.07
201.00 158.05
312.00 92.43
364.00 11055.13
477.00 223.61
196.00 11620.73
224.00 320.40
137.00 11619.53
383.00 55.84
216.00 68.74
580.00 146.38
377.00 158.07
278.00 12186.69
235.00 176.92
163.00 11057.85
451.00 1695.77
142.00 871.49
354.00 91.63
213.00 168.60
382.00 39.41
218.00 271.45
206.00 320.48
179.00 992.28
361.00 236.05
219.00 905.33
447.00 91.36
372.00 18.42
338.00 109.08
421.00 -35.81
223.00 499.43
175.00 12319.37
380.00 89.26
248.00 1576.20
113.00 158.96
286.00 160.02
366.00 221.45
111.00 3661.13
130.00 -144.63
339.00 129.43
182.00 13524.25
253.00 7.79
190.00 385.78
339.00 14600.75
343.00 100.32
204.00 408.45
162.00 12509.16
275.00 11714.66
198.00 14772.79
278.00 12659.32
284.00 63.82
208.00 72.16
351.00 1236.66
273.00 207.39
141.00 4923.22
377.00 12480.31
319.00 10577.75
220.00 286.98
144.00 10004.38
282.00 4589.69
180.00 10374.83
372.00 12154.61
328.00 100.00
238.00 152.69
298.00 13226.72
334.00 109.83
777.00 9227.88
396.00 -63.59
203.00 143.76
329.00 276.37
164.00 105.62
173.00 13134.40
206.00 38.04
358.00 -68.03
174.00 272.73
179.00 12046.89
364.00 1049.82
417.00 17755.34
234.00 37.14
342.00 2636.01
69.00 652.92
250.00 139.31
130.00 53.80
357.00 10214.06
219.00 11664.62
387.00 12739.17
228.00 115.92
226.00 175.96
445.00 378.37
245.00 11560.68
337.00 2527.33
206.00 233.17
224.00 497.44
162.00 333.57
224.00 249.22
222.00 219.68
213.00 174.55
365.00 249.70
254.00 5675.83
362.00 160.03
79.00 3728.76
415.00 11502.25
148.00 319.24
359.00 -5.04
82.00 722.33
223.00 285.87
394.00 -115.26
348.00 169.92
189.00 204.26
350.00 143.37
223.00 266.22
419.00 19188.79
232.00 332.05
114.00 1660.54
222.00 185.20
214.00 282.82
205.00 1626.13
217.00 290.78
355.00 11594.91
268.00 5921.08
434.00 15335.73
150.00 13726.18
135.00 125.01
322.00 407.11
355.00 221.45
368.00 165.29
259.00 3010.05
236.00 17706.25
697.00 8120.76
281.00 318.73
228.00 132.12
164.00 283.39
181.00 185.56
207.00 118.61
344.00 14505.27
221.00 41.94
116.00 694.67
326.00 2861.95
372.00 738.93
218.00 670.54
305.00 115.17
202.00 92.09
229.00 283.28
397.00 12387.50
276.00 273.23
195.00 256.30
217.00 282.71
336.00 2049.81
78.00 209.71
188.00 14957.81
119.00 75.90
103.00 2729.20
349.00 11447.14
341.00 82.44
401.00 1147.28
350.00 4.75
370.00 1638.88
156.00 360.89
368.00 443.90
361.00 107.80
232.00 142.31
385.00 -180.58
75.00 112.99
134.00 132.56
189.00 31.23
218.00 187.39
201.00 373.17
78.00 115.38
80.00 96.86
94.00 11644.43
227.00 143.58
194.00 167.03
410.00 12519.09
477.00 3406.86
336.00 157.33
408.00 4861.28
363.00 144.29
202.00 176.78
168.00 13856.09
384.00 353.47
125.00 1592.07
201.00 66.05
206.00 -24.76
276.00 174.62
373.00 36.03
176.00 1565.22
479.00 2531.63
369.00 825.88
220.00 153.74
410.00 1985.41
352.00 134.34
417.00 19087.93
390.00 490.78
160.00 13398.44
182.00 164.46
202.00 156.36
226.00 222.06
276.00 99.77
234.00 37.58
326.00 192.61
377.00 157.48
218.00 391.21
143.00 205.30
226.00 530.65
243.00 145.06
378.00 34.72
197.00 198.24
369.00 10961.28
225.00 307.45
225.00 14850.29
396.00 14618.19
308.00 217.31
184.00 95.53
183.00 19446.76
173.00 102.72
171.00 149.66
381.00 100.83
386.00 -25.32
240.00 624.16
175.00 14789.03
318.00 197.42
205.00 147.79
399.00 175.09
376.00 9670.72
114.00 70.54
232.00 1044.27
220.00 84.31
122.00 2477.64
342.00 126.11
384.00 116.52
347.00 144.78
225.00 2324.10
334.00 278.77
268.00 3419.05
366.00 193.73
285.00 -55.96
107.00 218.15
234.00 148.38
212.00 244.27
227.00 18009.86
237.00 17430.71
383.00 52.66
379.00 5427.65
74.00 133.62
204.00 102.93
335.00 36.60
300.00 188.71
202.00 257.67
186.00 1413.11
189.00 303.75
215.00 193.58
249.00 -133.84
163.00 12801.71
377.00 103.17
166.00 202.63
436.00 703.91
429.00 101.91
361.00 62.97
139.00 8279.10
187.00 13741.32
379.00 333.12
236.00 122.81
360.00 911.29
403.00 113.76
347.00 1380.44
222.00 182.99
229.00 769.19
322.00 140.41
300.00 -166.99
757.00 193.29
375.00 108.46
271.00 -38.96
419.00 70.48
134.00 2724.30
381.00 13240.30
268.00 20.18
245.00 214.53
231.00 212.84
380.00 91.27
217.00 209.03
205.00 254.80
101.00 225.03
236.00 143.97
297.00 -42.84
182.00 367.10
355.00 112.69
217.00 84.11
137.00 323.59
204.00 11484.29
409.00 60.85
422.00 13366.01
169.00 330.60
367.00 562.67
386.00 98.78
295.00 266.27
324.00 -67.04
174.00 71.42
407.00 9342.15
204.00 219.25
157.00 7470.65
352.00 148.81
215.00 99.84
379.00 82.88
410.00 97.21
375.00 151.15
350.00 12899.99
68.00 150.52
440.00 2986.57
245.00 257.95
199.00 224.22
203.00 192.87
282.00 91.22
293.00 138.27
293.00 1027.71
271.00 151.86
133.00 277.07
202.00 329.55
384.00 11749.00
324.00 11587.59
211.00 316.79
217.00 120.83
344.00 161.66
230.00 350.24
374.00 2189.09
227.00 9131.60
182.00 1460.91
364.00 14761.63
521.00 8471.33
168.00 12218.18
351.00 -26.48
303.00 7457.09
203.00 17130.60
181.00 14327.29
244.00 668.47
229.00 867.01
197.00 18609.74
310.00 33.84
341.00 168.91
223.00 673.89
384.00 38.91
450.00 335.12
249.00 71.35
159.00 494.78
206.00 57.81
410.00 16.54
179.00 6233.80
329.00 12599.64
130.00 606.62
392.00 10355.67
427.00 0.39
409.00 2209.55
186.00 7568.22
200.00 10818.74
190.00 13655.95
183.00 152.94
202.00 227.92
377.00 134.89
426.00 16966.55
222.00 211.74
391.00 3117.71
334.00 -36.17
761.00 56.82
96.00 1952.97
330.00 159.07
185.00 498.81
251.00 219.40
142.00 50.03
201.00 314.72
221.00 233.06
446.00 102.42
302.00 470.28
414.00 -91.52
214.00 13980.60
140.00 5388.08
175.00 12141.93
246.00 153.84
499.00 189.28
142.00 107.48
307.00 12333.26
218.00 341.54
169.00 12511.84
389.00 24.40
241.00 1883.31
190.00 11623.37
306.00 172.29
182.00 500.21
240.00 26.01
223.00 18.73
146.00 41.42
263.00 3932.47
133.00 245.97
215.00 -33.69
203.00 249.36
218.00 11893.70
393.00 2072.93
211.00 32.15
434.00 15955.75
189.00 18236.26
184.00 213.75
439.00 139.68
408.00 13697.16
282.00 100.64
370.00 160.08
271.00 678.60
214.00 290.20
210.00 5721.94
385.00 -15.07
93.00 123.42
207.00 180.78
439.00 13989.56
346.00 195.48
316.00 253.69
177.00 144.89
296.00 363.23
380.00 492.01
318.00 14602.37
223.00 4582.44
202.00 1278.33
179.00 167.21
401.00 -43.66
144.00 235.06
222.00 110.73
377.00 165.49
212.00 154.41
198.00 240.20
485.00 139.23
294.00 55.95
404.00 10887.45
201.00 15925.36
362.00 233.12
238.00 141.55
223.00 217.91
181.00 -112.35
210.00 698.15
317.00 154.75
362.00 8.82
343.00 57.07
337.00 5282.95
256.00 12703.83
225.00 2641.26
101.00 119.38
117.00 11425.96
236.00 255.07
404.00 14029.71
265.00 169.60
227.00 302.25
191.00 211.58
236.00 243.64
123.00 7677.00
289.00 68.46
97.00 7305.15
332.00 -44.33
370.00 -105.51
234.00 186.62
229.00 537.07
369.00 12705.25
352.00 19744.91
697.00 4814.92
164.00 231.07
172.00 18226.06
472.00 242.03
256.00 18246.15
149.00 202.02
110.00 1192.33
230.00 135.45
236.00 16959.80
190.00 10593.91
260.00 424.31
161.00 18250.07
347.00 117.64
205.00 261.39
293.00 14096.13
215.00 182.27
225.00 214.09
402.00 314.08
445.00 10813.87
214.00 85.60
311.00 -95.75
297.00 11390.79
228.00 60.00
249.00 3282.30
473.00 -145.60
255.00 13355.86
133.00 69.89
231.00 371.81
213.00 496.55
264.00 64.24
199.00 124.54
213.00 129.82
216.00 157.01
260.00 121.98
166.00 -82.30
149.00 14344.28
211.00 85.96
231.00 410.74
345.00 821.47
204.00 1648.03
238.00 2692.58
367.00 -39.55
172.00 34.79
110.00 8032.80
214.00 1569.94
286.00 3682.84
331.00 20.08
341.00 617.42
206.00 205.18
237.00 14118.80
227.00 269.42
329.00 149.65
170.00 11286.54
332.00 204.51
377.00 90.99
199.00 287.88
147.00 18097.07
219.00 60.33
160.00 145.06
369.00 12069.53
316.00 8356.10
362.00 77.56
176.00 278.86
118.00 8715.45
336.00 11120.40
355.00 10865.87
245.00 674.48
203.00 56.26
54.00 405.64
215.00 290.98
236.00 214.56
129.00 10674.13
339.00 254.59
80.00 165.90
199.00 158.69
192.00 1201.75
361.00 29.61
326.00 14394.28
177.00 363.77
244.00 184.10
369.00 2489.04
194.00 132.98
357.00 18.38
413.00 103.72
256.00 1486.70
231.00 393.32
255.00 187.73
210.00 220.27
131.00 185.80
138.00 138.99
362.00 65.51
198.00 13857.34
247.00 12497.18
412.00 67.04
374.00 2590.49
373.00 146.95
232.00 2491.15
203.00 228.89
414.00 64.64
228.00 135.42
250.00 19821.65
244.00 264.92
373.00 -30.70
339.00 -19.93
192.00 12193.38
381.00 -37.10
394.00 84.72
353.00 108.06
364.00 40.36
207.00 4453.81
311.00 12729.03
147.00 13099.35
259.00 71.08
181.00 14144.58
341.00 14009.78
373.00 1793.06
377.00 1.85
293.00 14982.29
225.00 231.77
201.00 172.34
380.00 35.46
206.00 776.55
371.00 6474.60
347.00 484.66
204.00 11.06
387.00 42.65
365.00 778.29
293.00 248.35
267.00 521.03
329.00 378.85
151.00 195.97
538.00 235.23
218.00 223.38
351.00 813.95
194.00 126.62
211.00 643.52
187.00 9541.89
348.00 134.08
194.00 193.02
189.00 -30.15
216.00 119.54
393.00 48.69
215.00 186.84
375.00 1.41
176.00 12845.48
217.00 893.29
296.00 31.06
173.00 14349.42
332.00 12363.71
375.00 215.21
428.00 12386.70
353.00 158.71
342.00 1263.06
248.00 13008.64
409.00 317.54
284.00 17524.85
293.00 11668.54
390.00 63.43
31.00 318.83
217.00 237.67
223.00 819.87
184.00 90.86
380.00 201.43
206.00 63.81
326.00 118.90
208.00 96.83
363.00 49.69
176.00 128.03
349.00 2107.46
413.00 1838.80
372.00 107.24
116.00 249.44
112.00 1548.50
209.00 210.82
183.00 181.87
381.00 84.67
216.00 289.16
140.00 315.50
226.00 398.93
217.00 527.96
345.00 130.65
327.00 145.97
111.00 351.17
351.00 -66.39
114.00 119.85
272.00 -3.28
186.00 68.17
364.00 405.22
162.00 10957.21
169.00 187.04
240.00 501.33
180.00 217.30
343.00 -60.04
186.00 5845.86
396.00 10522.08
218.00 11028.29
186.00 11296.80
376.00 2129.23
359.00 69.14
179.00 378.61
217.00 1526.14
153.00 140.88
367.00 181.49
202.00 198.71
112.00 326.68
201.00 83.45
349.00 -61.86
203.00 204.70
222.00 234.87
353.00 187.07
193.00 155.44
245.00 28.98
231.00 2410.44
371.00 12059.61
343.00 10508.10
246.00 74.45
238.00 203.25
244.00 193.80
198.00 -36.72
267.00 160.77
172.00 151.66
214.00 7418.82
117.00 19.22
390.00 40.15
356.00 9128.20
195.00 226.92
385.00 72.16
359.00 223.75
134.00 150.28
236.00 113.06
401.00 6452.74
390.00 2449.95
281.00 1773.44
199.00 321.43
243.00 148.69
161.00 160.34
377.00 -49.63
70.00 -95.78
349.00 197.59
234.00 127.54
379.00 430.18
363.00 -123.48
563.00 3401.81
355.00 251.14
178.00 -139.11
218.00 277.06
188.00 29.02
383.00 11958.59
270.00 12088.35
330.00 2193.85
170.00 10247.29
136.00 11444.13
215.00 346.09
208.00 116.22
204.00 255.01
203.00 514.61
99.00 227.07
338.00 176.58
154.00 133.21
349.00 314.58
417.00 16607.68
202.00 238.12
389.00 313.34
198.00 195.60
169.00 24.89
210.00 12945.03
380.00 14.99
236.00 19154.38
163.00 3678.98
302.00 1675.47
310.00 149.40
237.00 3237.21
296.00 12051.41
193.00 129.30
107.00 5660.79
206.00 389.45
186.00 236.85
234.00 146.83
539.00 175.85
217.00 152.46
70.00 194.08
245.00 58.74
403.00 131.81
238.00 24.84
243.00 19962.17
192.00 900.10
184.00 249.09
328.00 2078.32
356.00 323.37
244.00 103.85
130.00 12915.64
392.00 18220.36
200.00 200.13
223.00 174.64
150.00 329.94
349.00 51.77
188.00 64.53
167.00 6948.19
144.00 5943.21
192.00 45.46
265.00 82.27
369.00 3108.43
246.00 141.50
421.00 89.45
232.00 317.06
255.00 -48.31
92.00 205.65
450.00 168.91
222.00 239.26
279.00 16064.11
233.00 246.55
191.00 -198.19
339.00 11720.34
204.00 5960.90
240.00 761.68
338.00 148.60
182.00 10963.39
215.00 244.95
277.00 258.26
625.00 102.13
161.00 216.37
248.00 21.29
244.00 38.32
205.00 47.88
390.00 281.69
406.00 -0.67
346.00 110.57
272.00 86.28
201.00 312.53
186.00 326.72
520.00 2600.40
451.00 134.16
123.00 277.21
222.00 445.26
323.00 16230.43
360.00 84.12
211.00 27.38
138.00 131.41
439.00 143.94
189.00 17857.07
188.00 126.34
132.00 149.59
143.00 213.83
104.00 132.85
379.00 115.35
350.00 23.31
373.00 490.31
230.00 -23.28
296.00 1403.10
206.00 13969.86
373.00 -39.72
258.00 -11.17
113.00 202.39
108.00 9605.74
259.00 204.12
164.00 12361.72
154.00 10346.77
331.00 17127.85
321.00 253.20
262.00 885.11
130.00 206.43
418.00 13058.02
205.00 199.96
182.00 88.15
237.00 312.70
397.00 104.35
226.00 187.67
388.00 -92.74
172.00 132.53
402.00 73.73
320.00 4733.21
225.00 -1.91
199.00 219.56
181.00 262.62
203.00 13093.93
330.00 113.15
234.00 1986.42
335.00 126.72
342.00 50.92
197.00 116.81
264.00 12738.03
194.00 165.05
355.00 188.50
212.00 287.33
233.00 1.91
231.00 -70.73
188.00 235.51
121.00 9827.16
354.00 2739.31
256.00 4544.91
238.00 426.02
103.00 242.76
122.00 348.36
219.00 24.45
226.00 73.44
239.00 12970.39
389.00 388.74
159.00 314.33
341.00 107.96
189.00 98.73
240.00 99.44
203.00 69.01
242.00 505.30
223.00 172.92
142.00 823.69
174.00 128.46
366.00 127.77
374.00 426.47
80.00 100.60
365.00 -247.19
358.00 7.59
354.00 593.01
142.00 320.65
255.00 24.61
372.00 32.95
370.00 415.45
343.00 8954.26
443.00 33.78
253.00 39.82
366.00 12901.81
338.00 35.43
205.00 305.14
124.00 447.20
202.00 214.08
385.00 -52.37
328.00 1631.56
232.00 3616.97
208.00 1919.81
123.00 476.10
428.00 15478.12
353.00 114.07
182.00 15366.70
351.00 176.64
272.00 337.76
195.00 331.22
192.00 174.54
184.00 14745.31
370.00 84.90
232.00 184.27
204.00 41.13
115.00 115.89
160.00 732.44
189.00 1388.95
324.00 205.68
175.00 18864.66
347.00 8.78
243.00 320.28
179.00 11220.15
356.00 12151.80
259.00 89.33
197.00 245.82
209.00 26.90
317.00 9247.38
190.00 268.82
363.00 -131.22
351.00 534.04
197.00 924.01
305.00 155.31
219.00 295.26
479.00 248.72
166.00 10702.54
402.00 784.05
329.00 4082.79
552.00 12857.22
390.00 -163.11
269.00 83.91
192.00 4003.60
382.00 2138.56
205.00 476.61
388.00 -233.99
209.00 -49.16
198.00 95.79
358.00 10734.13
209.00 215.78
159.00 12801.08
275.00 155.64
119.00 103.88
306.00 247.13
1273.00 2778.47
219.00 268.15
312.00 194.99
258.00 236.18
183.00 158.59
205.00 11108.86
298.00 63.83
158.00 142.29
357.00 9160.39
139.00 9271.88
222.00 55.24
206.00 186.02
364.00 165.69
251.00 11081.44
171.00 233.70
280.00 46.65
370.00 99.32
127.00 1882.33
210.00 326.92
218.00 481.99
197.00 243.25
232.00 201.55
287.00 3703.55
267.00 121.74
226.00 426.68
168.00 144.35
220.00 188.37
336.00 -37.16
224.00 216.13
216.00 -63.15
258.00 149.13
470.00 11757.93
184.00 93.54
400.00 3299.17
455.00 2912.39
75.00 5915.61
95.00 382.65
252.00 91.37
291.00 161.48
117.00 6634.59
283.00 10936.57
182.00 8627.92
350.00 278.10
581.00 13749.36
496.00 873.33
415.00 -154.01
404.00 598.57
344.00 181.87
427.00 15496.42
231.00 150.87
220.00 110.01
359.00 146.21
216.00 193.37
361.00 12.68
143.00 114.66
357.00 150.95
343.00 -8.64
205.00 127.85
473.00 2452.34
135.00 228.51
304.00 347.84
157.00 258.69
166.00 9633.54
318.00 60.33
175.00 2745.47
220.00 418.51
173.00 70.95
173.00 16744.59
214.00 194.60
320.00 212.52
212.00 10556.67
369.00 554.55
181.00 268.43
190.00 -17.92
199.00 -56.05
336.00 119.38
418.00 14042.74
54.00 57.59
401.00 9.77
405.00 12344.82
355.00 3089.85
243.00 236.47
282.00 56.55
171.00 97.26
352.00 139.82
363.00 -30.33
430.00 14468.67
369.00 40.26
225.00 175.79
132.00 116.20
370.00 157.22
297.00 73.51
205.00 186.18
414.00 11116.71
224.00 362.94
309.00 200.13
366.00 179.51
301.00 8225.57
133.00 12895.81
262.00 885.45
331.00 84.98
192.00 219.77
212.00 119.56
229.00 160.56
189.00 335.49
384.00 102.41
200.00 258.03
143.00 8960.14
343.00 12464.00
164.00 13830.48
217.00 76.38
360.00 11522.42
418.00 1505.74
188.00 16635.16
262.00 70.35
225.00 2505.12
129.00 237.48
385.00 45.82
158.00 72.32
381.00 129.02
434.00 276.15
225.00 13719.65
395.00 110.30
224.00 192.75
201.00 15834.71
238.00 13152.90
304.00 183.96
213.00 176.03
408.00 13.50
341.00 74.80
159.00 254.65
393.00 15411.17
362.00 151.84
324.00 -39.00
187.00 -2.05
342.00 98.28
424.00 19377.96
357.00 159.06
228.00 264.56
277.00 -16.26
157.00 178.32
277.00 16637.50
159.00 289.45
423.00 14632.37
345.00 3131.12
408.00 -0.89
418.00 1199.26
252.00 84.54
169.00 215.01
353.00 38.97
209.00 125.34
209.00 295.66
381.00 257.21
422.00 17082.89
171.00 9526.67
206.00 156.70
71.00 49.44
227.00 139.72
197.00 185.03
187.00 11804.12
238.00 237.96
345.00 7131.25
253.00 102.48
367.00 195.46
166.00 110.82
418.00 15833.21
219.00 190.61
408.00 12108.87
237.00 33.23
193.00 199.04
228.00 77.35
345.00 8021.99
222.00 54.11
425.00 14659.20
170.00 -60.77
433.00 12421.00
204.00 346.59
213.00 10412.74
425.00 16917.68
238.00 121.42
231.00 173.69
187.00 172.43
374.00 206.95
146.00 1475.79
189.00 10277.13
265.00 154.32
245.00 168.28
202.00 -2.08
231.00 108.44
118.00 4966.96
261.00 263.22
199.00 757.33
370.00 2037.39
132.00 510.14
353.00 151.43
365.00 -161.51
171.00 11589.81
318.00 12071.84
172.00 12531.47
246.00 13967.20
325.00 2575.78
369.00 87.43
250.00 -27.17
160.00 91.70
226.00 196.80
399.00 12555.99
300.00 -130.24
219.00 259.35
207.00 208.21
1063.00 108.59
319.00 1935.07
369.00 -78.88
180.00 11827.11
165.00 195.31
126.00 3047.26
120.00 8075.26
395.00 989.96
216.00 277.50
346.00 96.00
316.00 2530.39
208.00 79.05
213.00 167.46
502.00 294.70
366.00 223.38
153.00 9890.64
161.00 13175.18
121.00 12700.67
156.00 1896.84
318.00 162.74
164.00 169.28
327.00 115.87
382.00 77.53
314.00 74.87
131.00 247.44
221.00 3305.64
346.00 113.49
54.00 275.86
376.00 3368.79
304.00 99.87
178.00 1025.86
395.00 10457.49
190.00 7851.76
209.00 373.56
246.00 9772.14
357.00 202.75
230.00 322.97
224.00 305.33
66.00 9722.95
112.00 199.95
204.00 237.18
289.00 207.65
116.00 3004.65
219.00 203.55
224.00 35.82
280.00 216.19
190.00 56.68
208.00 295.02
326.00 19050.46
357.00 10192.90
319.00 15658.17
153.00 175.80
248.00 1676.50
152.00 1125.15
370.00 125.77
139.00 151.34
120.00 468.70
212.00 138.85
417.00 13535.41
383.00 217.56
379.00 61.05
218.00 262.76
289.00 15490.54
117.00 9878.27
463.00 2555.85
222.00 189.82
208.00 244.63
116.00 251.00
284.00 13959.72
384.00 10548.35
407.00 138.28
174.00 11310.04
173.00 9000.87
224.00 237.41
220.00 81.21
170.00 139.16
191.00 113.65
205.00 200.02
210.00 314.01
281.00 8942.32
216.00 190.46
436.00 28.62
220.00 193.84
351.00 721.05
323.00 121.65
244.00 295.65
383.00 102.49
232.00 11083.69
214.00 186.93
156.00 -19.53
160.00 13899.95
147.00 180.04
151.00 140.88
93.00 10174.96
363.00 11615.64
240.00 8624.67
328.00 14454.67
198.00 189.26
218.00 200.04
200.00 15018.84
324.00 95.96
183.00 136.46
144.00 10357.56
168.00 8536.12
353.00 984.84
378.00 83.48
85.00 2922.30
162.00 12116.15
205.00 154.77
367.00 175.20
208.00 10003.74
284.00 7163.50
151.00 10402.25
255.00 31.13
118.00 2442.92
170.00 2541.25
203.00 232.03
406.00 143.77
361.00 103.49
200.00 13972.04
202.00 -55.23
187.00 188.99
239.00 95.30
336.00 215.59
407.00 -62.85
236.00 -46.86
123.00 9240.83
369.00 98.85
214.00 96.77
230.00 234.38
433.00 18383.94
223.00 1075.06
357.00 10793.28
436.00 180.49
195.00 5312.11
222.00 2239.91
391.00 587.61
411.00 105.27
204.00 180.41
244.00 302.59
336.00 7326.73
135.00 482.60
146.00 1116.95
194.00 2722.00
143.00 226.23
370.00 132.09
174.00 13364.63
255.00 2053.92
361.00 2016.41
211.00 267.19
274.00 57.12
216.00 306.49
80.00 6070.60
161.00 16181.45
409.00 296.44
408.00 15491.67
198.00 312.20
195.00 11282.41
911.00 3888.05
203.00 223.61
215.00 223.90
308.00 103.37
190.00 413.09
268.00 129.91
470.00 13635.78
403.00 104.16
202.00 35.26
367.00 275.00
331.00 11968.96
180.00 342.97
242.00 1018.33
121.00 2567.01
302.00 906.20
255.00 88.36
358.00 94.84
353.00 314.34
331.00 11253.94
209.00 523.84
290.00 12942.34
122.00 361.23
369.00 2.02
107.00 259.66
157.00 286.46
374.00 13273.52
311.00 456.30
212.00 197.62
449.00 17937.65
384.00 10255.84
220.00 150.95
193.00 163.16
327.00 235.80
103.00 147.16
192.00 5071.75
267.00 130.87
147.00 11600.15
130.00 12132.29
126.00 245.90
317.00 22.14
326.00 42.49
175.00 357.03
215.00 244.08
244.00 224.55
356.00 121.55
101.00 67.51
207.00 12.50
1386.00 564.62
430.00 205.14
266.00 114.87
230.00 168.11
289.00 6321.28
296.00 4018.13
225.00 7333.50
229.00 3193.53
384.00 12540.85
196.00 54.32
162.00 10174.88
411.00 105.25
288.00 11263.60
165.00 523.85
130.00 299.06
346.00 145.58
135.00 151.48
87.00 224.40
144.00 74.55
168.00 -9.33
254.00 4091.67
224.00 1095.65
360.00 86.61
183.00 1377.08
390.00 205.92
161.00 80.21
354.00 474.21
375.00 132.03
232.00 205.46
120.00 2068.66
238.00 230.30
224.00 68.53
240.00 204.02
161.00 6003.18
233.00 153.78
376.00 12192.30
348.00 239.31
380.00 -17.45
364.00 135.89
143.00 318.22
335.00 286.37
242.00 299.40
397.00 16212.83
126.00 267.24
155.00 237.43
148.00 9341.82
386.00 37.76
264.00 14639.82
569.00 7291.81
323.00 1045.22
379.00 12388.58
214.00 2901.60
189.00 12893.38
138.00 152.71
397.00 12343.06
225.00 401.73
389.00 -41.98
352.00 -73.27
703.00 2113.61
420.00 -45.47
142.00 470.67
66.00 442.24
337.00 87.37
403.00 13380.18
130.00 13177.86
359.00 65.37
323.00 14831.27
331.00 10123.37
314.00 246.19
160.00 546.40
388.00 141.01
231.00 146.49
198.00 20.73
155.00 801.07
244.00 2056.00
383.00 -100.44
365.00 640.13
185.00 141.00
239.00 113.52
306.00 238.33
375.00 -9.67
255.00 14190.34
230.00 372.56
150.00 11870.34
94.00 375.19
160.00 252.50
182.00 10443.44
149.00 298.86
280.00 11341.97
234.00 217.24
395.00 13142.61
193.00 225.54
284.00 263.96
312.00 118.92
207.00 42.77
207.00 107.10
224.00 285.27
193.00 201.69
209.00 310.50
346.00 157.67
126.00 327.72
351.00 1587.29
321.00 146.42
276.00 124.32
376.00 280.35
201.00 75.49
404.00 13685.33
186.00 101.43
344.00 15.28
220.00 335.13
190.00 215.60
130.00 217.97
383.00 126.73
281.00 13543.31
375.00 11146.52
177.00 7155.17
166.00 125.54
221.00 14584.41
222.00 367.88
285.00 10990.36
327.00 12093.33
176.00 6.99
459.00 124.20
358.00 54.01
215.00 139.95
368.00 15495.94
97.00 472.71
295.00 163.33
310.00 68.95
246.00 151.93
111.00 370.97
353.00 -60.43
458.00 2505.31
210.00 140.95
156.00 11784.51
414.00 31.87
233.00 259.84
170.00 598.91
504.00 145.07
122.00 150.44
362.00 131.74
253.00 1195.02
303.00 12331.49
490.00 84.30
493.00 292.69
230.00 339.35
154.00 11032.79
198.00 13349.07
301.00 223.64
96.00 62.41
218.00 418.20
264.00 456.28
150.00 11174.94
172.00 3863.54
225.00 267.09
224.00 13635.32
547.00 14696.69
192.00 428.74
340.00 159.57
194.00 13850.40
225.00 182.08
226.00 625.71
213.00 165.49
360.00 -1.76
280.00 8432.39
112.00 258.01
436.00 11741.55
319.00 14430.25
333.00 2167.73
147.00 1776.08
184.00 164.23
403.00 10974.43
275.00 412.91
151.00 14573.78
359.00 135.71
447.00 15315.82
412.00 10133.87
113.00 -37.18
361.00 168.78
107.00 8961.58
415.00 13193.89
359.00 56.94
434.00 -215.66
241.00 166.95
367.00 2534.97
71.00 214.14
212.00 -32.63
205.00 221.74
186.00 16219.11
105.00 198.89
172.00 118.16
351.00 233.79
397.00 876.72
278.00 5252.15
280.00 63.91
299.00 230.75
362.00 154.07
124.00 3644.04
393.00 474.92
389.00 -231.45
414.00 -86.50
190.00 17040.24
118.00 249.18
216.00 19.12
339.00 121.29
345.00 149.87
219.00 14.27
196.00 139.31
374.00 15.27
185.00 11459.34
238.00 27.87
211.00 308.79
210.00 246.26
201.00 163.37
278.00 41.49
363.00 11044.62
1082.00 121.11
201.00 555.80
332.00 202.16
230.00 129.28
341.00 65.95
245.00 18284.73
441.00 15085.22
1022.00 2221.97
128.00 1724.44
126.00 13332.22
380.00 -1.00
70.00 7165.34
154.00 11927.56
416.00 13021.72
225.00 475.61
374.00 -85.61
207.00 88.67
161.00 9992.97
299.00 11370.78
370.00 96.78
323.00 2635.22
48.00 194.20
376.00 10817.56
218.00 4041.10
249.00 180.33
149.00 13099.45
454.00 -91.28
386.00 275.98
180.00 0.66
239.00 63.04
210.00 30.50
189.00 13026.18
368.00 -130.29
138.00 1236.57
276.00 16999.51
101.00 152.33
218.00 19120.86
438.00 2862.30
408.00 12626.02
219.00 62.33
194.00 22.20
217.00 104.38
386.00 184.57
437.00 300.43
376.00 109.00
208.00 160.61
233.00 13280.77
333.00 83.76
284.00 12207.29
361.00 1695.15
87.00 99.70
211.00 247.93
337.00 -101.81
85.00 84.92
155.00 14301.88
284.00 12626.07
426.00 219.75
240.00 1286.20
216.00 121.09
366.00 190.16
382.00 -131.11
401.00 2136.12
358.00 131.77
281.00 187.29
132.00 1533.20
137.00 8001.51
214.00 281.28
243.00 118.90
219.00 152.24
354.00 302.54
141.00 10778.19
434.00 106.60
323.00 22.91
119.00 3949.69
208.00 253.51
197.00 564.35
366.00 10175.67
226.00 12664.88
273.00 261.46
213.00 230.86
390.00 -4.42
348.00 1886.55
233.00 900.76
267.00 86.71
383.00 -101.76
154.00 3190.99
156.00 5786.65
389.00 15.75
176.00 252.04
171.00 2396.12
192.00 50.42
394.00 238.40
327.00 126.56
376.00 9174.80
168.00 42.38
528.00 206.75
365.00 121.62
409.00 12676.12
242.00 475.03
366.00 1989.73
217.00 99.53
113.00 14.00
207.00 4.96
219.00 2800.12
362.00 11511.74
195.00 214.26
411.00 278.60
216.00 2854.76
203.00 5196.73
425.00 -139.63
359.00 142.63
215.00 197.57
229.00 148.49
704.00 121.81
352.00 119.41
450.00 2357.72
219.00 276.45
193.00 654.66
238.00 270.47
329.00 797.94
202.00 2676.36
154.00 17.98
267.00 20476.29
197.00 12391.57
249.00 394.22
320.00 2842.63
396.00 94.01
391.00 49.66
341.00 140.81
265.00 42.70
178.00 111.87
181.00 11847.78
252.00 175.10
161.00 15366.60
381.00 14495.99
207.00 12388.14
306.00 368.37
50.00 662.83
151.00 8289.47
156.00 627.18
368.00 40.36
216.00 307.02
334.00 277.51
147.00 258.23
418.00 709.23
136.00 890.66
192.00 13153.87
739.00 446.22
232.00 12064.36
320.00 5076.50
243.00 220.46
113.00 7428.87
373.00 34.76
224.00 519.41
197.00 204.82
357.00 167.20
528.00 3053.09
256.00 13931.88
333.00 151.14
197.00 410.15
189.00 201.22
138.00 7547.31
202.00 115.39
347.00 197.29
251.00 206.48
221.00 99.64
123.00 4638.72
299.00 13788.09
254.00 16299.46
381.00 90.53
220.00 83.33
165.00 13872.84
159.00 170.58
281.00 8936.41
375.00 3340.20
284.00 9157.79
177.00 182.38
305.00 2226.63
159.00 1507.89
337.00 345.49
120.00 184.38
264.00 9583.50
219.00 197.14
394.00 250.68
189.00 242.62
373.00 155.56
134.00 11250.06
261.00 13190.77
202.00 156.59
376.00 18485.71
183.00 185.58
205.00 42.62
350.00 9820.55
237.00 64.97
318.00 -17.17
191.00 34.13
370.00 -136.53
351.00 499.22
378.00 165.61
212.00 145.16
284.00 10873.31
412.00 11909.60
355.00 -14.51
185.00 44.83
366.00 68.40
187.00 1224.35
56.00 314.57
250.00 13765.91
304.00 68.66
371.00 10668.46
336.00 179.79
356.00 5.01
153.00 269.40
141.00 236.16
235.00 420.30
394.00 193.37
177.00 459.70
206.00 254.52
211.00 20.69
221.00 852.67
218.00 14733.55
127.00 297.15
136.00 349.59
313.00 7882.05
156.00 151.86
346.00 117.38
190.00 125.21
344.00 12002.78
238.00 16603.26
340.00 514.03
135.00 368.85
321.00 12914.97
197.00 261.14
355.00 535.42
131.00 11420.49
389.00 16296.13
399.00 13367.76
341.00 265.43
346.00 12344.37
221.00 185.12
203.00 -60.12
224.00 72.45
381.00 -38.28
365.00 14072.12
157.00 185.52
86.00 369.75
260.00 8001.45
274.00 6248.80
426.00 13098.14
228.00 10874.26
353.00 129.33
186.00 352.99
300.00 93.73
240.00 79.30
193.00 264.08
240.00 1601.63
131.00 2906.85
332.00 9.42
377.00 390.89
202.00 126.60
911.00 405.80
268.00 14320.19
210.00 316.95
111.00 140.67
234.00 2333.17
164.00 6368.54
356.00 411.44
435.00 14001.77
228.00 11854.70
248.00 2098.86
290.00 86.66
188.00 66.98
438.00 181.83
452.00 401.90
197.00 113.89
232.00 112.89
346.00 2091.21
134.00 9412.42
138.00 13546.01
252.00 209.52
372.00 10978.13
388.00 13156.46
217.00 374.34
232.00 9747.44
156.00 13970.13
155.00 274.45
218.00 181.58
177.00 64.84
119.00 548.47
338.00 10601.48
235.00 994.68
363.00 105.65
274.00 16081.16
266.00 188.37
440.00 9458.54
274.00 1346.22
234.00 1318.70
406.00 -236.03
206.00 368.27
369.00 91.98
94.00 497.82
217.00 1215.40
314.00 14011.39
237.00 221.15
98.00 -33.57
234.00 2451.53
376.00 117.51
224.00 11134.92
229.00 121.82
201.00 97.01
393.00 18778.66
424.00 11766.32
275.00 10859.24
132.00 1478.98
392.00 12031.39
169.00 107.75
84.00 385.03
155.00 165.58
251.00 12957.87
417.00 733.54
184.00 24.74
246.00 399.45
411.00 17922.77
147.00 1014.24
389.00 1156.60
354.00 -120.28
240.00 188.98
148.00 437.44
307.00 2709.67
134.00 187.49
207.00 159.39
589.00 887.36
310.00 1322.19
252.00 1047.37
415.00 12723.49
141.00 306.81
375.00 691.78
232.00 12654.71
241.00 14477.86
228.00 13754.18
104.00 13810.78
255.00 156.28
214.00 12.61
357.00 10981.72
350.00 126.59
414.00 -44.56
387.00 -36.64
447.00 2.96
352.00 3.21
424.00 1253.07
358.00 11191.80
391.00 9220.90
619.00 1512.49
381.00 9875.40
440.00 12383.86
162.00 45.03
356.00 131.64
248.00 298.55
217.00 138.66
36.00 228.40
138.00 267.73
381.00 88.28
216.00 136.82
123.00 301.98
183.00 15251.96
208.00 228.56
388.00 402.94
241.00 141.64
899.00 1386.26
199.00 13164.52
133.00 423.12
137.00 5682.74
239.00 663.19
196.00 18716.81
333.00 325.28
289.00 13831.94
231.00 208.73
361.00 2125.83
130.00 13991.85
456.00 17779.58
210.00 288.59
203.00 -29.06
300.00 238.37
353.00 139.48
145.00 189.64
441.00 363.42
437.00 15096.44
487.00 7613.28
406.00 79.79
196.00 17.17
168.00 11125.95
172.00 141.16
444.00 624.26
389.00 3.11
352.00 1478.90
618.00 13.49
243.00 343.11
342.00 2942.33
340.00 135.78
349.00 52.10
355.00 39.50
423.00 14559.55
181.00 353.61
313.00 19484.36
123.00 333.74
369.00 6.56
170.00 13945.72
381.00 108.43
205.00 595.28
181.00 103.60
205.00 147.83
459.00 18885.43
235.00 293.33
216.00 3092.83
217.00 129.52
119.00 291.88
164.00 243.97
397.00 -173.35
187.00 647.15
236.00 140.32
252.00 103.00
391.00 2515.13
149.00 290.40
207.00 13525.91
243.00 11141.08
388.00 11489.25
401.00 199.46
224.00 -73.54
339.00 607.33
124.00 9010.59
284.00 904.33
212.00 7759.81
200.00 1665.30
194.00 288.96
362.00 1897.70
242.00 50.62
246.00 1574.88
131.00 10699.10
347.00 113.29
354.00 58.79
425.00 -4.98
313.00 -96.51
109.00 89.78
351.00 12430.98
370.00 21.61
185.00 16561.18
254.00 11225.88
127.00 818.38
266.00 8791.36
352.00 10215.45
182.00 248.72
138.00 579.30
202.00 177.36
137.00 246.67
411.00 -82.14
329.00 35.36
213.00 116.16
335.00 12693.24
270.00 10438.44
377.00 139.30
146.00 748.93
358.00 468.57
347.00 1102.41
244.00 9957.39
169.00 16510.29
199.00 97.54
210.00 463.22
134.00 253.30
186.00 62.92
341.00 10089.72
98.00 370.95
305.00 247.90
209.00 92.97
417.00 10159.98
398.00 2274.73
493.00 10872.92
198.00 222.25
221.00 -98.16
219.00 43.98
384.00 171.01
140.00 9877.42
185.00 275.64
384.00 9689.83
311.00 11642.62
345.00 110.02
110.00 -48.70
184.00 148.15
483.00 13270.63
218.00 910.53
262.00 348.08
194.00 9320.81
213.00 182.85
85.00 234.66
207.00 721.09
119.00 352.26
213.00 202.14
205.00 118.05
190.00 7818.24
152.00 173.91
230.00 46.94
383.00 139.55
430.00 293.48
168.00 9383.32
204.00 12439.56
313.00 -31.54
420.00 13195.13
191.00 68.43
374.00 43.84
349.00 177.85
230.00 2693.13
207.00 112.83
147.00 9130.08
192.00 179.34
380.00 1712.46
270.00 246.99
447.00 458.15
136.00 5362.14
349.00 700.51
136.00 211.41
267.00 1253.13
387.00 11648.86
211.00 300.16
512.00 624.99
187.00 16722.63
308.00 208.09
219.00 274.97
391.00 549.09
428.00 13932.98
175.00 113.61
96.00 86.42
441.00 -99.52
246.00 5978.78
156.00 2943.92
136.00 11122.26
218.00 1818.67
208.00 13060.18
219.00 113.85
163.00 1221.39
198.00 6376.59
180.00 417.45
163.00 4212.02
75.00 16.91
466.00 13085.88
441.00 16468.86
222.00 1692.82
331.00 16133.90
251.00 298.24
340.00 11741.36
155.00 10354.32
201.00 48.17
404.00 13043.70
229.00 279.42
380.00 43.21
226.00 341.52
416.00 -224.38
359.00 93.23
368.00 -52.91
228.00 208.48
280.00 12731.34
208.00 11786.29
265.00 201.59
352.00 368.69
419.00 22.83
81.00 338.51
233.00 -38.54
371.00 80.74
357.00 94.47
364.00 1367.11
202.00 328.81
219.00 212.01
356.00 172.56
250.00 -79.22
52.00 772.01
322.00 16593.82
262.00 161.53
317.00 174.94
102.00 241.97
151.00 14710.16
223.00 188.64
413.00 101.62
302.00 5.64
350.00 9581.45
210.00 7935.85
329.00 2842.27
388.00 355.81
201.00 14461.86
287.00 6836.64
404.00 153.91
205.00 420.37
174.00 1556.25
203.00 7109.39
326.00 18453.35
324.00 15776.01
85.00 46.50
219.00 152.11
172.00 12216.53
414.00 133.80
228.00 11976.29
202.00 237.16
218.00 157.25
127.00 15182.64
185.00 262.46
219.00 10194.38
226.00 136.90
176.00 10977.33
143.00 219.67
82.00 98.36
361.00 319.65
225.00 225.92
338.00 173.12
308.00 151.77
221.00 228.18
232.00 5131.74
177.00 12287.02
438.00 16201.74
664.00 82.77
218.00 449.03
426.00 12612.52
333.00 969.80
372.00 157.16
399.00 8.16
206.00 15055.90
342.00 113.98
311.00 34.29
244.00 66.40
251.00 10217.14
251.00 170.28
223.00 109.19
198.00 308.59
164.00 826.06
85.00 1203.65
329.00 98.04
194.00 161.73
380.00 197.16
190.00 97.25
342.00 113.57
225.00 1.20
216.00 181.03
238.00 79.88
157.00 2506.12
163.00 114.53
230.00 199.29
377.00 759.17
237.00 266.19
244.00 348.39
225.00 309.34
187.00 10754.79
496.00 63.45
211.00 75.26
341.00 225.38
350.00 20144.84
368.00 100.20
183.00 177.75
150.00 5285.05
269.00 14552.46
395.00 12.30
228.00 346.84
176.00 324.98
365.00 -7.35
192.00 163.57
354.00 181.92
335.00 161.07
151.00 205.23
201.00 381.10
208.00 143.28
419.00 728.91
185.00 798.00
197.00 230.74
337.00 209.19
214.00 309.81
99.00 98.28
236.00 594.35
185.00 473.96
226.00 231.05
179.00 374.64
263.00 109.61
387.00 12343.83
248.00 16618.61
360.00 2.20
122.00 115.01
209.00 159.70
252.00 -5.82
266.00 12665.03
107.00 745.08
250.00 170.90
147.00 1821.18
170.00 9585.79
131.00 786.10
416.00 1205.64
472.00 286.20
240.00 80.49
135.00 6225.17
187.00 200.90
343.00 65.97
91.00 217.09
132.00 3995.90
368.00 -56.07
395.00 14790.08
176.00 3248.26
1665.00 1170.38
217.00 623.40
142.00 147.53
362.00 184.71
224.00 77.23
383.00 838.54
222.00 41.14
353.00 213.47
264.00 12292.26
451.00 17350.66
87.00 141.16
292.00 77.05
119.00 1397.67
238.00 178.54
373.00 107.73
231.00 422.32
210.00 146.44
422.00 15921.31
371.00 101.69
222.00 14331.33
333.00 47.41
203.00 156.64
456.00 282.58
388.00 1349.29
357.00 -4.22
206.00 271.40
293.00 257.25
135.00 4847.57
376.00 182.58
212.00 155.34
203.00 277.64
251.00 1049.78
370.00 252.43
223.00 262.26
349.00 71.85
210.00 74.11
216.00 267.77
340.00 54.97
211.00 62.51
223.00 306.75
149.00 228.32
361.00 133.88
98.00 1449.57
150.00 236.98
211.00 373.99
204.00 373.89
306.00 3210.06
62.00 4967.69
273.00 200.82
231.00 153.95
201.00 169.61
236.00 10034.83
364.00 43.76
380.00 -31.28
207.00 62.06
359.00 10494.44
160.00 12645.02
219.00 154.17
139.00 108.29
98.00 500.75
135.00 14379.78
359.00 -104.38
235.00 1327.49
261.00 207.30
252.00 11696.87
211.00 152.30
258.00 10627.62
175.00 78.70
362.00 57.08
47.00 266.76
257.00 387.88
410.00 133.58
386.00 -96.55
296.00 19764.65
181.00 12440.52
236.00 84.72
338.00 144.05
229.00 19.10
221.00 198.61
130.00 314.61
448.00 13790.93
114.00 25.29
250.00 113.80
187.00 86.80
189.00 145.72
371.00 140.90
139.00 227.03
407.00 172.44
303.00 2516.71
330.00 3793.47
413.00 -14.04
151.00 2171.40
360.00 1552.33
228.00 294.09
152.00 241.98
318.00 130.29
180.00 518.60
208.00 114.55
204.00 262.47
416.00 11452.63
249.00 455.10
225.00 241.31
219.00 85.33
441.00 17504.26
208.00 -68.69
382.00 -9.36
206.00 478.35
118.00 15187.12
207.00 117.90
190.00 1568.77
212.00 11638.53
409.00 2958.06
211.00 482.56
139.00 83.61
354.00 161.44
281.00 -36.14
249.00 239.52
367.00 3179.97
303.00 -33.20
166.00 5266.40
145.00 483.37
364.00 13823.93
321.00 187.05
215.00 419.76
207.00 451.39
233.00 330.32
223.00 5.23
202.00 292.98
220.00 128.73
384.00 164.04
148.00 113.74
230.00 -75.00
430.00 1183.01
374.00 -49.52
269.00 55.61
411.00 34.52
152.00 17474.53
391.00 248.72
381.00 90.83
209.00 9076.19
399.00 561.43
170.00 159.75
312.00 10841.01
77.00 592.17
133.00 10011.27
241.00 142.74
465.00 15405.37
348.00 200.06
185.00 16261.06
438.00 13018.45
207.00 114.99
368.00 1102.07
145.00 16509.23
415.00 -2.66
218.00 155.43
217.00 135.42
190.00 85.49
336.00 1662.89
384.00 291.87
178.00 136.85
391.00 1851.95
178.00 313.62
201.00 12294.49
199.00 138.44
335.00 -145.38
146.00 578.19
378.00 52.23
230.00 312.67
249.00 11638.91
164.00 146.33
267.00 9513.31
215.00 4707.27
511.00 718.27
47.00 635.67
112.00 12243.63
201.00 19280.78
170.00 106.62
229.00 296.05
311.00 128.56
223.00 241.00
215.00 241.15
233.00 217.98
367.00 6738.71
253.00 162.94
387.00 12679.96
481.00 11206.83
213.00 238.56
378.00 -9.48
237.00 323.17
195.00 18888.41
195.00 1574.07
143.00 4780.62
415.00 437.53
282.00 372.09
192.00 4159.54
205.00 187.61
163.00 312.97
113.00 7567.65
236.00 11966.54
93.00 219.60
167.00 12057.62
216.00 198.00
75.00 980.81
198.00 3088.09
286.00 2910.36
526.00 19209.56
390.00 149.16
310.00 16725.60
192.00 12198.71
170.00 274.38
103.00 447.86
362.00 10.63
365.00 147.86
346.00 326.38
99.00 618.29
172.00 9080.31
201.00 124.64
375.00 14991.41
363.00 89.02
437.00 -45.26
253.00 61.79
164.00 9684.84
104.00 1605.87
224.00 144.03
200.00 30.82
131.00 395.85
320.00 84.99
651.00 322.20
338.00 241.52
227.00 166.02
342.00 98.69
212.00 136.29
256.00 20771.74
152.00 7124.54
350.00 40.90
307.00 174.03
162.00 13129.82
315.00 17949.96
218.00 455.01
214.00 282.94
334.00 11664.91
218.00 271.70
306.00 15050.17
216.00 264.59
184.00 18940.72
357.00 303.26
208.00 316.01
193.00 1265.74
374.00 9926.38
188.00 62.53
164.00 151.58
210.00 332.74
220.00 217.01
235.00 336.16
206.00 13092.44
49.00 11027.95
420.00 851.12
407.00 98.98
418.00 15583.76
369.00 120.49
253.00 777.85
250.00 10624.79
160.00 142.38
304.00 -25.42
179.00 15488.62
228.00 158.55
364.00 89.96
185.00 228.72
381.00 9.59
149.00 64.15
371.00 170.85
193.00 19437.33
197.00 13870.86
86.00 201.47
185.00 264.98
325.00 147.76
144.00 302.75
370.00 802.86
277.00 -9.24
244.00 389.12
247.00 896.98
219.00 101.45
307.00 4971.49
372.00 563.42
254.00 -49.85
335.00 2428.44
360.00 459.80
238.00 50.32
254.00 0.38
249.00 169.70
350.00 161.90
186.00 551.90
377.00 10330.31
132.00 254.01
173.00 233.72
349.00 120.09
189.00 25.05
163.00 -64.56
163.00 92.96
209.00 245.35
292.00 6087.50
380.00 13641.61
418.00 81.98
184.00 522.96
324.00 39.89
290.00 10695.96
151.00 9209.65
396.00 59.70
217.00 120.20
377.00 2095.74
205.00 279.54
45.00 58.67
258.00 20603.93
126.00 145.49
209.00 13.08
147.00 1360.14
136.00 58.96
387.00 211.54
176.00 151.36
229.00 364.88
239.00 8492.12
319.00 5781.79
373.00 -74.10
184.00 269.18
229.00 166.41
356.00 893.55
204.00 78.18
155.00 914.29
400.00 -78.26
318.00 7731.00
466.00 -92.09
291.00 9741.07
217.00 114.78
131.00 405.59
256.00 203.88
294.00 10292.02
179.00 216.59
366.00 3570.27
179.00 14137.51
240.00 73.52
216.00 396.05
221.00 101.73
149.00 10367.43
208.00 631.29
372.00 195.55
204.00 58.30
236.00 327.89
198.00 18817.84
126.00 11824.54
387.00 -46.46
393.00 138.18
344.00 56.58
395.00 921.34
353.00 258.69
381.00 2256.50
366.00 10511.27
386.00 28.23
35.00 238.26
304.00 12077.12
192.00 21203.28
186.00 236.57
350.00 37.21
210.00 170.46
297.00 14948.12
113.00 9161.79
219.00 276.01
194.00 476.41
223.00 218.77
191.00 20693.98
364.00 716.59
185.00 104.81
228.00 39.83
218.00 345.47
159.00 28.56
229.00 1125.70
416.00 2663.93
144.00 1189.44
225.00 296.57
384.00 84.17
368.00 433.56
370.00 36.11
291.00 433.71
213.00 900.95
378.00 1611.54
359.00 -73.53
246.00 12276.12
140.00 179.93
273.00 15251.90
111.00 224.33
212.00 220.85
243.00 2538.64
376.00 12249.56
135.00 492.25
203.00 762.82
227.00 347.45
160.00 541.49
455.00 2515.08
362.00 943.82
190.00 4469.58
229.00 501.59
386.00 185.83
339.00 116.10
290.00 9807.00
183.00 11578.46
81.00 87.22
358.00 12468.02
499.00 368.40
359.00 9527.00
390.00 12274.48
410.00 256.16
271.00 569.12
443.00 344.73
382.00 9157.96
395.00 10863.27
94.00 501.69
220.00 5933.14
263.00 13578.97
420.00 -133.65
202.00 14027.91
190.00 75.37
232.00 174.98
175.00 11751.16
379.00 -120.84
329.00 -58.62
412.00 14933.16
228.00 355.51
199.00 115.94
320.00 174.51
145.00 9450.27
220.00 169.04
369.00 -11.31
195.00 -162.54
67.00 183.21
120.00 757.53
205.00 236.59
431.00 301.93
146.00 114.57
298.00 141.59
330.00 176.60
368.00 -72.17
297.00 13095.66
273.00 153.87
181.00 391.42
336.00 8059.20
368.00 321.98
266.00 121.93
415.00 189.62
215.00 116.93
181.00 200.14
227.00 354.97
279.00 9102.81
132.00 156.51
276.00 207.41
386.00 69.91
157.00 14721.53
157.00 14491.32
428.00 14743.52
340.00 999.51
365.00 50.08
214.00 197.39
229.00 344.76
166.00 14290.01
303.00 330.45
218.00 127.70
264.00 38.36
229.00 354.05
135.00 1012.96
157.00 -41.00
179.00 930.66
277.00 131.55
340.00 14638.88
218.00 114.29
81.00 408.92
391.00 123.38
389.00 13558.91
83.00 378.36
297.00 195.25
426.00 16140.53
172.00 9039.13
103.00 861.34
160.00 589.99
120.00 942.18
248.00 220.68
354.00 41.46
196.00 163.93
232.00 7891.23
332.00 18.81
711.00 5863.64
222.00 158.60
236.00 26.47
76.00 186.62
194.00 13316.67
436.00 21.32
229.00 207.48
371.00 664.60
227.00 397.31
231.00 381.80
448.00 202.85
346.00 -150.51
334.00 2881.82
213.00 150.37
220.00 7706.44
83.00 304.84
384.00 -132.83
199.00 8592.48
263.00 96.57
157.00 11940.02
309.00 172.50
134.00 176.94
386.00 12794.87
445.00 11986.58
215.00 8683.15
372.00 13601.03
199.00 172.20
225.00 69.88
177.00 12086.31
194.00 72.43
413.00 304.09
176.00 11066.09
219.00 384.02
261.00 235.15
377.00 75.51
165.00 11468.59
245.00 68.20
73.00 221.34
176.00 0.92
162.00 12307.84
345.00 208.15
415.00 16674.92
407.00 12523.20
400.00 254.28
221.00 265.06
357.00 199.03
365.00 9892.82
210.00 4078.91
227.00 46.63
127.00 17920.45
283.00 520.60
93.00 388.89
293.00 14211.58
152.00 9797.23
357.00 11483.43
269.00 189.64
228.00 2016.36
237.00 15297.46
479.00 207.15
147.00 205.78
312.00 8366.50
122.00 157.50
228.00 329.46
349.00 9965.73
256.00 12538.53
161.00 202.41
674.00 148.59
423.00 1458.48
186.00 13665.50
345.00 78.37
381.00 171.81
215.00 227.14
380.00 33.86
209.00 164.42
283.00 649.91
307.00 13140.64
387.00 10539.43
283.00 126.35
341.00 37.11
356.00 8654.26
362.00 17.75
130.00 205.56
222.00 106.32
418.00 13263.20
214.00 94.03
68.00 166.10
170.00 2495.54
183.00 17.34
241.00 -15.00
371.00 61.92
75.00 1271.71
229.00 38.55
260.00 12779.80
330.00 88.04
328.00 10380.91
558.00 736.09
208.00 93.19
238.00 1017.08
165.00 10554.84
68.00 59.94
68.00 188.48
227.00 175.25
168.00 626.71
246.00 242.24
505.00 182.99
176.00 218.85
183.00 13045.02
180.00 12338.05
375.00 9489.20
221.00 58.49
182.00 292.94
58.00 188.80
368.00 37.76
214.00 148.46
222.00 -6.78
204.00 272.09
169.00 122.26
278.00 1340.95
223.00 148.22
222.00 260.20
201.00 4396.51
289.00 9408.65
355.00 1008.44
228.00 172.75
355.00 -27.34
282.00 309.86
268.00 243.58
213.00 325.38
262.00 97.90
226.00 243.25
121.00 38.01
138.00 4482.19
196.00 333.38
456.00 2595.47
222.00 430.49
121.00 2892.16
377.00 -52.24
362.00 184.70
119.00 5426.99
330.00 2698.85
277.00 85.64
212.00 104.53
179.00 2000.90
169.00 149.10
220.00 201.77
350.00 12654.28
365.00 -13.43
147.00 1376.96
293.00 11459.38
124.00 91.33
230.00 260.96
348.00 80.59
395.00 112.35
319.00 100.21
116.00 146.11
208.00 3157.80
260.00 188.87
254.00 225.98
211.00 18.87
207.00 248.18
223.00 10797.57
205.00 2909.97
353.00 -160.25
256.00 227.69
372.00 141.45
303.00 4136.21
355.00 11071.85
321.00 5286.94
360.00 144.58
221.00 10498.51
121.00 182.31
217.00 16814.89
91.00 159.27
257.00 614.22
124.00 1924.95
333.00 17627.78
209.00 111.89
388.00 194.40
268.00 210.33
213.00 134.79
208.00 243.40
382.00 7197.29
267.00 1.53
113.00 12760.33
187.00 5670.91
355.00 164.00
181.00 1109.44
172.00 218.65
351.00 10178.05
248.00 12266.66
194.00 220.47
356.00 13437.14
423.00 13134.62
142.00 67.92
515.00 7441.90
191.00 126.87
458.00 15801.33
242.00 474.74
235.00 13282.81
186.00 142.30
210.00 135.10
361.00 77.28
266.00 48.51
396.00 104.15
224.00 193.57
453.00 3453.48
213.00 18834.05
183.00 15611.96
234.00 1543.50
177.00 12616.03
196.00 56.27
394.00 241.64
246.00 139.85
348.00 94.66
390.00 233.74
212.00 104.19
197.00 284.97
307.00 147.46
237.00 191.19
245.00 39.40
418.00 351.25
235.00 110.10
205.00 -19.60
263.00 11728.08
347.00 64.56
1415.00 70.86
219.00 126.27
209.00 132.89
219.00 581.04
119.00 12177.35
149.00 10980.12
350.00 185.90
307.00 75.54
367.00 -122.74
415.00 997.92
238.00 228.78
398.00 59.27
351.00 5158.69
190.00 495.24
351.00 973.03
231.00 94.20
217.00 136.45
211.00 12242.48
139.00 143.54
200.00 -91.99
201.00 309.45
399.00 135.47
276.00 16410.98
239.00 106.99
188.00 20.13
249.00 13803.98
185.00 18499.68
317.00 128.89
317.00 200.62
201.00 3151.49
393.00 197.04
323.00 11515.46
363.00 257.74
152.00 14153.81
219.00 297.01
461.00 4260.97
295.00 205.89
378.00 9440.30
251.00 13908.23
174.00 16804.11
145.00 6199.10
145.00 271.34
461.00 16075.53
234.00 -69.30
391.00 13926.67
252.00 2238.31
208.00 132.46
248.00 5824.98
276.00 18909.95
221.00 261.75
191.00 89.74
232.00 26.15
259.00 2114.94
179.00 13472.79
303.00 262.83
408.00 11288.66
197.00 8948.27
345.00 224.28
199.00 -67.87
108.00 1699.62
349.00 464.34
365.00 28.17
423.00 179.12
364.00 17564.53
140.00 554.57
391.00 -24.75
208.00 215.73
213.00 181.30
318.00 341.87
136.00 11419.40
184.00 68.10
246.00 162.02
283.00 100.74
224.00 437.81
284.00 83.85
175.00 15855.00
211.00 189.47
440.00 75.53
413.00 90.73
75.00 284.56
245.00 667.33
236.00 266.18
114.00 159.77
394.00 132.87
299.00 10249.34
274.00 18674.53
299.00 403.01
176.00 684.13
464.00 269.75
350.00 14356.30
138.00 137.12
325.00 159.41
211.00 643.58
385.00 -16.52
441.00 13956.16
341.00 162.51
312.00 5.16
166.00 371.84
217.00 16330.29
175.00 172.91
335.00 3.22
423.00 7461.66
333.00 308.93
221.00 136.90
194.00 350.90
210.00 230.99
217.00 254.89
446.00 21620.06
214.00 43.37
424.00 -130.59
370.00 148.69
209.00 126.72
217.00 88.62
438.00 37.24
133.00 140.85
244.00 29.65
290.00 162.30
121.00 3736.59
182.00 11613.79
229.00 10434.84
368.00 18384.38
384.00 11866.55
421.00 12052.84
318.00 16436.37
403.00 16538.09
184.00 23.42
160.00 11378.05
324.00 375.92
176.00 51.03
196.00 193.37
158.00 266.36
231.00 245.29
413.00 19361.58
164.00 12770.58
402.00 162.50
235.00 12191.59
357.00 4504.37
139.00 1879.54
398.00 9512.33
396.00 186.14
267.00 288.19
214.00 195.29
232.00 170.80
274.00 8293.25
188.00 115.47
262.00 9995.55
214.00 288.87
364.00 428.31
166.00 14366.36
138.00 159.40
354.00 14.54
217.00 226.84
371.00 309.98
206.00 89.31
208.00 317.07
185.00 257.91
365.00 122.60
304.00 168.85
138.00 13201.48
65.00 8698.67
193.00 15.16
218.00 130.06
375.00 598.47
365.00 -94.12
279.00 -92.20
370.00 -68.70
224.00 126.84
219.00 186.82
359.00 10931.51
242.00 127.51
306.00 225.52
489.00 46.27
179.00 15938.78
286.00 77.58
930.00 8510.56
392.00 21.61
136.00 2195.32
230.00 12732.46
605.00 175.84
132.00 10422.46
373.00 81.78
391.00 11094.31
207.00 32.34
209.00 147.62
94.00 138.05
119.00 298.50
243.00 2159.94
217.00 231.13
631.00 266.68
378.00 77.91
213.00 508.53
335.00 397.29
255.00 17898.96
179.00 293.98
239.00 2829.53
204.00 162.23
160.00 459.57
38.00 81.78
305.00 264.76
307.00 13600.68
190.00 2506.14
195.00 213.95
213.00 144.56
487.00 335.24
122.00 9435.10
402.00 10330.93
347.00 456.42
175.00 114.30
240.00 13840.99
233.00 153.40
360.00 86.86
372.00 20.66
361.00 3126.76
158.00 229.93
383.00 194.69
251.00 217.30
356.00 91.86
77.00 130.03
168.00 998.18
216.00 10.05
257.00 114.59
397.00 -58.98
216.00 134.03
209.00 7358.07
129.00 18619.14
140.00 351.69
393.00 116.28
199.00 779.28
190.00 272.62
332.00 2871.62
378.00 675.27
72.00 472.17
204.00 6182.88
359.00 -20.99
269.00 11908.27
214.00 2099.55
447.00 12979.58
242.00 186.31
124.00 1540.32
181.00 -66.87
366.00 148.39
367.00 9778.13
304.00 390.36
226.00 1006.69
369.00 7.95
145.00 3654.18
171.00 11453.18
216.00 163.47
321.00 185.64
199.00 187.51
471.00 657.95
347.00 1923.99
180.00 10747.91
72.00 6876.30
480.00 20899.26
385.00 3165.72
375.00 10517.48
332.00 615.42
137.00 12297.32
336.00 297.01
180.00 12767.18
581.00 436.11
287.00 130.80
163.00 277.56
497.00 485.82
445.00 11326.53
356.00 140.32
212.00 57.33
216.00 156.93
206.00 95.16
252.00 3694.61
189.00 8.69
387.00 1642.72
371.00 95.92
376.00 632.11
113.00 169.40
214.00 665.19
186.00 550.11
287.00 59.20
227.00 157.74
390.00 163.94
178.00 10944.71
210.00 211.02
228.00 835.99
348.00 1251.75
216.00 541.75
327.00 131.28
234.00 5756.02
243.00 306.72
424.00 13715.20
159.00 117.74
359.00 7832.30
189.00 -24.06
161.00 12542.36
213.00 723.90
155.00 12451.49
162.00 9130.74
93.00 26.74
175.00 151.86
231.00 201.83
219.00 210.47
366.00 49.54
146.00 383.73
352.00 40.93
216.00 -14.83
819.00 99.75
334.00 902.66
208.00 82.84
217.00 70.93
117.00 168.28
226.00 332.95
207.00 1838.72
145.00 185.37
197.00 10269.75
336.00 4127.23
241.00 15745.08
163.00 370.47
202.00 281.41
198.00 15081.73
178.00 11898.99
204.00 16671.67
88.00 1971.08
294.00 11553.44
145.00 701.93
164.00 10486.50
254.00 199.54
414.00 9888.77
235.00 202.87
317.00 64.90
403.00 14382.75
143.00 7114.08
443.00 5286.39
58.00 477.17
488.00 2837.44
297.00 523.03
331.00 109.47
347.00 41.04
199.00 260.66
373.00 97.78
410.00 14935.41
180.00 14.82
357.00 123.61
220.00 646.36
320.00 7547.59
83.00 104.58
375.00 94.19
343.00 200.03
204.00 54.59
110.00 190.12
285.00 7127.62
148.00 13440.73
113.00 286.32
228.00 524.68
170.00 683.52
206.00 172.64
222.00 102.60
434.00 41.51
206.00 -64.65
219.00 271.18
115.00 2577.78
367.00 1173.78
409.00 -68.48
217.00 13837.77
216.00 235.87
166.00 239.86
390.00 35.77
243.00 455.14
154.00 231.65
249.00 7362.71
201.00 11293.25
210.00 44.22
107.00 338.56
476.00 944.27
319.00 11529.54
273.00 190.32
1135.00 386.02
181.00 66.81
186.00 2806.45
266.00 4761.45
157.00 8766.22
137.00 15945.46
483.00 -46.58
108.00 376.24
365.00 3942.47
123.00 235.42
358.00 819.67
236.00 14576.22
374.00 -6.86
388.00 175.96
140.00 1543.33
423.00 16208.42
368.00 13918.38
188.00 177.74
427.00 15679.04
358.00 -74.84
369.00 -102.49
305.00 53.90
135.00 420.49
252.00 155.17
202.00 88.65
225.00 18.03
428.00 18.50
359.00 67.48
324.00 134.29
215.00 110.46
212.00 17203.35
816.00 -144.67
352.00 91.54
331.00 63.49
426.00 14288.52
181.00 355.46
267.00 3798.11
510.00 -8.11
358.00 -67.50
387.00 229.88
211.00 140.40
254.00 112.60
419.00 2251.46
355.00 -47.11
271.00 -14.30
541.00 542.04
289.00 7503.16
240.00 15036.38
199.00 12042.28
203.00 288.93
376.00 445.26
152.00 7187.99
372.00 25.45
148.00 85.46
210.00 13637.00
455.00 2422.67
182.00 2262.68
370.00 256.68
242.00 122.14
176.00 143.87
329.00 227.87
166.00 -120.56
366.00 332.04
178.00 17.95
199.00 2028.62
418.00 250.71
245.00 18989.93
369.00 -74.99
226.00 157.54
197.00 13078.71
266.00 15556.13
386.00 2409.54
201.00 196.96
368.00 8430.86
156.00 15315.80
178.00 9586.86
79.00 141.55
396.00 292.14
229.00 63.00
292.00 124.63
398.00 24.49
200.00 954.36
249.00 134.66
470.00 -84.55
183.00 -7.73
403.00 -32.59
57.00 107.50
133.00 157.99
406.00 42.78
141.00 13763.70
128.00 4845.62
127.00 303.03
346.00 -5.14
256.00 45.78
372.00 206.85
388.00 135.72
364.00 -1.23
128.00 9203.19
289.00 12561.48
248.00 2456.72
286.00 156.41
313.00 131.10
196.00 5598.60
366.00 631.98
243.00 52.88
449.00 341.44
237.00 60.56
170.00 10297.14
153.00 118.09
190.00 14111.41
139.00 4957.90
200.00 866.69
909.00 286.25
372.00 282.40
328.00 10794.01
131.00 12171.48
207.00 118.82
357.00 2409.41
334.00 341.94
116.00 237.91
411.00 1099.89
213.00 158.38
147.00 9114.45
138.00 15642.87
345.00 185.69
232.00 824.18
237.00 584.19
107.00 165.62
79.00 214.07
247.00 20745.46
186.00 7580.90
263.00 659.16
254.00 177.08
348.00 13.45
276.00 2491.32
127.00 70.57
184.00 196.58
95.00 1880.72
401.00 13276.47
190.00 135.37
227.00 95.86
591.00 200.25
295.00 290.05
189.00 176.92
404.00 281.75
333.00 164.07
190.00 23.69
411.00 186.84
278.00 564.76
247.00 175.19
275.00 12453.35
222.00 342.92
209.00 274.83
197.00 354.10
137.00 10733.32
111.00 196.12
199.00 70.01
391.00 6925.42
193.00 15739.19
385.00 41.85
201.00 8680.75
202.00 250.54
371.00 13967.04
189.00 135.96
214.00 -10.53
280.00 12350.65
285.00 182.84
137.00 32.99
376.00 -15.82
120.00 194.08
180.00 190.64
218.00 491.80
149.00 75.29
213.00 117.55
238.00 -67.55
285.00 12019.71
66.00 2750.17
367.00 12106.64
115.00 2767.73
113.00 76.83
230.00 6.75
191.00 12844.16
189.00 72.38
216.00 243.35
213.00 265.99
263.00 244.66
427.00 232.92
182.00 931.31
171.00 989.59
153.00 12.55
292.00 10594.48
210.00 138.90
383.00 389.22
451.00 285.72
169.00 2566.42
408.00 505.03
152.00 10416.31
321.00 120.34
220.00 -28.38
463.00 664.90
192.00 259.70
444.00 -103.63
383.00 12181.58
300.00 16002.96
136.00 10133.94
355.00 235.37
146.00 8753.62
153.00 9486.41
147.00 423.57
327.00 168.40
232.00 213.20
368.00 -34.86
491.00 15636.17
241.00 101.51
123.00 13446.51
218.00 13277.38
226.00 218.89
152.00 9326.96
436.00 2824.29
343.00 87.96
178.00 499.88
359.00 1407.42
198.00 37.85
301.00 78.03
118.00 2329.25
206.00 -56.82
106.00 187.35
228.00 11177.01
164.00 15031.17
171.00 284.66
443.00 15114.26
205.00 184.69
202.00 174.75
340.00 185.87
351.00 260.62
208.00 203.21
278.00 102.37
82.00 228.28
271.00 239.20
152.00 458.11
405.00 43.22
148.00 108.21
157.00 11583.71
138.00 6141.00
227.00 152.92
348.00 13657.36
82.00 7611.93
356.00 120.22
170.00 316.49
229.00 304.03
361.00 276.04
394.00 90.45
363.00 131.69
244.00 379.67
235.00 398.94
473.00 521.96
396.00 -108.70
395.00 13204.09
364.00 -16.25
194.00 14890.98
241.00 10542.25
648.00 2446.90
211.00 225.40
234.00 56.35
393.00 -6.73
297.00 161.26
357.00 -46.81
245.00 217.08
173.00 40.09
369.00 12741.43
388.00 23.05
199.00 191.22
334.00 30.90
362.00 -53.64
215.00 76.21
643.00 3326.68
117.00 215.40
338.00 716.85
375.00 -93.59
361.00 217.53
321.00 139.19
256.00 738.40
202.00 14382.45
439.00 2814.07
357.00 102.00
215.00 319.49
418.00 15129.43
372.00 8948.65
211.00 166.14
380.00 1324.35
239.00 198.32
210.00 8625.22
193.00 -226.98
263.00 2877.66
378.00 48.72
434.00 12189.74
236.00 9939.25
187.00 142.92
221.00 157.15
221.00 60.31
314.00 8751.11
268.00 81.78
150.00 270.40
157.00 -40.75
216.00 91.24
259.00 118.44
376.00 6.00
224.00 10776.11
159.00 9328.24
217.00 9401.99
422.00 -76.76
215.00 230.18
139.00 894.48
282.00 13697.86
365.00 12802.67
205.00 17719.93
326.00 9666.97
135.00 242.73
325.00 108.80
115.00 282.96
197.00 13270.04
180.00 -18.05
241.00 178.29
349.00 107.60
177.00 99.36
210.00 163.54
555.00 113.99
177.00 10649.94
364.00 1126.28
158.00 10479.63
240.00 98.20
197.00 364.28
503.00 206.38
218.00 396.49
160.00 228.53
148.00 3071.59
304.00 150.69
152.00 205.92
229.00 123.96
139.00 11926.58
168.00 252.59
220.00 132.36
154.00 111.80
380.00 11637.51
343.00 -21.00
400.00 295.75
295.00 11378.51
327.00 217.57
363.00 145.33
447.00 27.56
232.00 168.91
194.00 151.85
274.00 55.19
416.00 29.93
188.00 222.43
268.00 228.59
387.00 67.31
189.00 139.78
366.00 93.58
356.00 85.06
364.00 -33.77
400.00 -92.99
368.00 80.84
151.00 8744.71
338.00 6519.79
220.00 15745.55
374.00 15.15
222.00 185.92
233.00 166.98
224.00 17137.21
175.00 83.26
377.00 590.96
133.00 207.46
175.00 288.45
224.00 431.01
295.00 183.52
235.00 99.86
401.00 374.93
227.00 60.19
346.00 484.82
501.00 2031.34
226.00 518.08
231.00 10.94
231.00 118.33
437.00 10841.34
160.00 8474.42
356.00 -26.32
376.00 -43.69
349.00 24.03
259.00 209.00
209.00 218.81
318.00 31.63
107.00 2691.62
341.00 14051.61
356.00 79.72
194.00 105.22
415.00 14018.96
394.00 192.39
224.00 258.93
386.00 0.31
411.00 381.76
137.00 154.99
341.00 48.59
406.00 105.42
347.00 80.72
214.00 1083.08
208.00 191.74
473.00 275.05
103.00 -90.26
360.00 601.35
220.00 113.97
192.00 118.52
280.00 54.70
147.00 3700.62
233.00 430.28
202.00 79.78
196.00 3079.86
376.00 -17.93
201.00 1859.75
188.00 9272.04
310.00 236.19
373.00 82.88
380.00 108.97
182.00 15914.69
175.00 2287.73
183.00 7156.53
405.00 1300.22
389.00 1271.09
197.00 1297.58
122.00 11163.27
136.00 9989.20
381.00 665.20
205.00 180.74
167.00 174.74
233.00 47.88
393.00 10808.90
159.00 102.03
221.00 2910.52
210.00 57.62
342.00 100.46
161.00 15288.10
474.00 11791.16
423.00 30.75
327.00 3075.10
288.00 60.70
381.00 -218.09
262.00 123.75
241.00 296.32
229.00 1509.15
220.00 175.49
178.00 15210.28
296.00 128.34
292.00 32.89
279.00 11056.74
293.00 409.59
266.00 186.25
339.00 13711.31
205.00 1139.61
359.00 25.30
414.00 2849.11
167.00 367.43
357.00 11531.50
221.00 92.46
283.00 120.83
173.00 503.61
118.00 2901.97
229.00 389.81
112.00 12486.40
120.00 63.93
353.00 11651.84
303.00 162.27
219.00 6475.14
195.00 246.54
763.00 5711.86
337.00 11420.46
226.00 178.80
300.00 116.53
207.00 152.80
357.00 132.45
225.00 87.01
217.00 194.31
158.00 247.44
353.00 141.14
166.00 237.65
366.00 2853.06
95.00 174.39
234.00 45.98
384.00 37.35
286.00 41.13
174.00 1369.84
165.00 6276.58
106.00 172.13
145.00 385.43
278.00 29.84
164.00 454.55
318.00 213.00
394.00 8.64
112.00 384.05
228.00 275.94
135.00 2598.75
177.00 124.00
226.00 325.64
402.00 42.38
188.00 609.69
87.00 129.88
313.00 9489.40
217.00 359.47
142.00 2708.72
442.00 664.78
361.00 255.86
185.00 168.48
426.00 1159.80
235.00 34.50
141.00 10359.17
222.00 693.88
98.00 134.51
404.00 12572.66
297.00 110.96
238.00 162.05
726.00 9912.39
213.00 203.59
221.00 35.81
373.00 -98.05
186.00 3435.67
266.00 302.28
115.00 9764.51
206.00 128.56
202.00 11378.62
360.00 157.21
345.00 12496.76
235.00 239.97
182.00 4424.68
216.00 166.82
581.00 118.79
250.00 231.78
198.00 13570.60
265.00 38.78
373.00 467.05
152.00 6027.24
402.00 -87.28
141.00 46.69
240.00 98.84
224.00 37.92
189.00 8916.61
215.00 13673.15
124.00 12865.96
270.00 302.28
252.00 252.17
365.00 51.89
418.00 -34.31
204.00 377.26
170.00 14812.96
608.00 429.37
213.00 403.07
376.00 1116.45
192.00 147.92
345.00 -40.06
365.00 3951.63
436.00 16472.63
300.00 285.89
231.00 17517.82
363.00 1417.95
338.00 52.68
231.00 31.17
159.00 128.24
394.00 -54.05
118.00 2109.91
198.00 252.64
62.00 52.04
210.00 12106.60
365.00 10.76
187.00 545.30
340.00 14967.79
223.00 255.86
257.00 11760.00
204.00 2453.50
186.00 3318.53
240.00 144.14
207.00 258.90
363.00 5.60
244.00 203.20
373.00 13431.65
161.00 154.66
357.00 -2.47
228.00 11360.51
195.00 13171.28
145.00 16972.95
357.00 -28.64
262.00 292.89
389.00 448.50
358.00 30.01
168.00 12335.85
528.00 2533.15
377.00 225.47
393.00 328.66
403.00 2427.82
477.00 1235.26
214.00 -13.68
110.00 8528.36
392.00 628.73
179.00 113.13
611.00 493.11
183.00 2002.28
226.00 190.63
379.00 177.61
336.00 2197.11
193.00 257.36
170.00 -8.79
231.00 166.51
186.00 -66.71
296.00 167.68
372.00 57.90
102.00 4186.88
377.00 143.55
359.00 50.61
295.00 127.69
125.00 201.51
242.00 60.07
173.00 9322.35
265.00 215.33
358.00 730.18
389.00 9144.96
230.00 142.17
183.00 2942.74
418.00 -298.81
410.00 -126.12
139.00 10416.62
375.00 41.14
411.00 1510.92
175.00 767.45
448.00 2981.93
441.00 50.30
237.00 1952.44
250.00 826.65
225.00 277.12
153.00 392.46
324.00 170.11
222.00 2444.58
456.00 14564.96
441.00 19302.73
94.00 4584.69
374.00 315.05
168.00 213.25
143.00 823.46
436.00 13643.99
232.00 2643.64
118.00 297.56
238.00 -44.15
328.00 2895.14
171.00 18089.66
221.00 17.63
387.00 60.02
304.00 207.83
310.00 1017.51
151.00 2646.62
380.00 69.47
217.00 112.99
236.00 156.85
242.00 151.46
966.00 157.70
215.00 7943.50
199.00 253.99
387.00 116.49
376.00 12854.99
194.00 177.71
660.00 40.74
585.00 83.27
216.00 40.48
218.00 133.74
390.00 34.37
350.00 173.53
367.00 76.23
399.00 -25.83
337.00 156.42
380.00 445.69
214.00 10130.87
382.00 108.65
203.00 67.29
347.00 17697.57
183.00 229.10
372.00 654.59
449.00 14654.93
253.00 109.65
370.00 12883.08
308.00 14983.17
178.00 11516.55
1055.00 234.09
197.00 196.87
371.00 89.88
203.00 154.39
227.00 146.64
102.00 3158.55
438.00 11625.53
389.00 227.33
301.00 146.20
176.00 12764.15
187.00 232.09
466.00 266.65
248.00 221.78
134.00 12106.86
106.00 54.47
394.00 232.52
186.00 5852.03
213.00 95.62
225.00 12518.36
399.00 -25.03
119.00 175.54
384.00 13676.30
217.00 77.11
268.00 220.59
404.00 12203.96
134.00 103.57
383.00 62.67
255.00 15697.74
229.00 264.53
208.00 129.86
372.00 231.18
191.00 286.89
160.00 14118.50
248.00 -0.43
302.00 78.50
118.00 8676.08
388.00 391.81
406.00 20.44
213.00 869.39
227.00 183.88
218.00 183.08
191.00 1.43
62.00 -19.51
374.00 77.19
217.00 13520.37
184.00 -139.93
370.00 188.79
406.00 255.12
372.00 66.17
394.00 47.26
193.00 8700.62
181.00 171.87
234.00 890.92
337.00 6862.14
203.00 624.49
228.00 64.42
369.00 -53.19
234.00 242.28
400.00 15058.78
239.00 13622.63
183.00 223.09
382.00 169.73
221.00 96.69
410.00 89.71
200.00 120.62
620.00 -69.11
380.00 2002.03
441.00 6.04
297.00 13192.91
402.00 -128.91
362.00 -1.62
264.00 108.84
349.00 2537.47
239.00 4341.42
245.00 356.42
196.00 214.32
202.00 339.15
377.00 -124.71
361.00 55.60
424.00 201.30
201.00 201.73
232.00 198.51
411.00 1508.34
203.00 190.00
190.00 206.30
318.00 2037.61
358.00 87.55
132.00 278.77
295.00 221.38
364.00 211.78
373.00 -73.94
407.00 116.65
201.00 135.29
183.00 163.84
373.00 138.20
385.00 18758.03
274.00 397.27
222.00 311.18
147.00 272.30
133.00 273.03
227.00 125.86
203.00 1308.89
217.00 158.81
375.00 13183.42
390.00 13562.19
346.00 314.60
196.00 18.95
228.00 987.07
252.00 191.97
133.00 159.20
228.00 396.96
391.00 12010.34
381.00 -47.06
205.00 12846.76
361.00 10815.40
215.00 3016.66
309.00 95.95
220.00 41.16
249.00 91.99
223.00 244.18
221.00 186.03
227.00 155.47
241.00 211.91
303.00 -12.48
204.00 60.79
320.00 3103.45
340.00 65.30
197.00 123.39
212.00 140.63
301.00 13260.76
190.00 222.35
210.00 214.24
214.00 81.90
149.00 11260.68
450.00 12728.71
326.00 23.23
224.00 82.52
443.00 331.94
48.00 -120.90
282.00 1767.45
115.00 249.35
413.00 -210.28
379.00 -17.58
253.00 341.54
105.00 2228.24
473.00 48.86
68.00 335.37
320.00 1591.81
181.00 -32.97
140.00 365.55
397.00 12013.91
79.00 678.44
359.00 2792.12
222.00 242.74
306.00 1627.16
354.00 97.02
384.00 145.81
311.00 192.00
246.00 11963.24
404.00 14893.44
179.00 982.29
328.00 174.63
368.00 -0.76
285.00 2126.76
162.00 214.21
233.00 -73.27
348.00 106.28
111.00 577.49
213.00 113.14
227.00 536.81
384.00 589.48
367.00 71.11
197.00 443.11
196.00 153.45
376.00 8.62
158.00 179.44
195.00 8920.57
353.00 8845.16
142.00 143.67
411.00 12607.43
431.00 15878.21
419.00 138.78
212.00 255.04
219.00 339.01
227.00 168.56
826.00 275.04
373.00 31.27
268.00 233.40
264.00 305.26
171.00 370.53
302.00 8067.34
385.00 -131.00
327.00 13151.10
150.00 12528.72
216.00 79.48
377.00 233.90
178.00 223.58
443.00 -117.85
339.00 1885.69
215.00 150.00
290.00 24.08
167.00 45.40
416.00 261.86
275.00 73.34
354.00 159.52
136.00 3476.66
370.00 94.76
247.00 259.60
218.00 6.82
211.00 214.21
336.00 130.88
103.00 257.88
379.00 14459.39
186.00 377.95
51.00 173.23
156.00 9137.70
123.00 6791.39
247.00 64.73
114.00 230.64
417.00 18021.33
90.00 -0.56
206.00 385.90
775.00 203.98
450.00 9905.52
250.00 95.88
333.00 13026.53
182.00 49.28
488.00 4457.67
156.00 8858.75
334.00 3056.78
365.00 -133.20
228.00 206.93
382.00 61.15
247.00 10861.16
183.00 16668.25
271.00 8633.88
201.00 12294.23
363.00 140.14
217.00 334.72
163.00 171.37
345.00 12316.64
308.00 126.76
402.00 11110.90
1098.00 3058.63
134.00 10475.51
302.00 11072.40
313.00 93.66
394.00 78.97
451.00 187.98
310.00 488.07
202.00 5221.52
177.00 14165.01
371.00 -142.46
420.00 5697.70
79.00 269.63
287.00 19.20
252.00 12589.51
314.00 127.95
226.00 6011.75
367.00 92.51
396.00 -12.96
277.00 -72.41
176.00 279.42
230.00 68.48
148.00 10207.42
215.00 91.35
398.00 342.53
231.00 157.97
321.00 36.84
216.00 21644.59
394.00 -78.58
152.00 307.84
192.00 20.86
55.00 2203.36
386.00 -24.23
222.00 279.72
220.00 104.50
347.00 1423.94
322.00 194.09
392.00 6.51
199.00 56.87
412.00 14257.27
217.00 128.89
242.00 631.86
426.00 9513.69
223.00 11372.35
403.00 12367.89
1382.00 523.78
105.00 2144.89
523.00 56.52
79.00 455.56
183.00 10102.55
397.00 10846.00
220.00 49.17
218.00 334.41
327.00 179.85
378.00 256.47
160.00 176.49
203.00 1681.01
258.00 122.60
1680.00 1253.16
374.00 16721.41
380.00 113.14
156.00 26.14
219.00 300.11
148.00 7809.30
375.00 999.72
113.00 7225.07
254.00 152.42
212.00 255.33
194.00 98.56
222.00 295.32
159.00 157.42
95.00 2658.62
412.00 929.76
375.00 208.51
392.00 -22.11
122.00 2867.22
383.00 -11.96
370.00 1349.48
370.00 51.51
216.00 75.09
183.00 -140.29
184.00 -23.98
390.00 12579.41
521.00 10432.93
93.00 62.07
215.00 121.72
76.00 99.87
234.00 478.02
206.00 220.35
368.00 5695.64
200.00 112.49
150.00 1850.64
129.00 3658.90
150.00 284.67
370.00 10046.81
185.00 222.86
314.00 242.14
247.00 210.91
369.00 88.50
52.00 241.68
234.00 51.78
134.00 380.37
219.00 611.10
168.00 13256.67
352.00 62.80
256.00 92.78
349.00 94.63
399.00 13184.48
215.00 12070.25
398.00 2922.20
177.00 -179.59
221.00 298.37
279.00 12660.30
123.00 128.13
170.00 1467.67
179.00 10654.27
379.00 76.45
234.00 394.85
340.00 36.44
102.00 358.03
211.00 202.31
243.00 128.58
131.00 109.60
190.00 157.37
228.00 -22.58
223.00 213.49
91.00 6500.30
167.00 212.83
417.00 585.01
213.00 114.31
229.00 291.84
364.00 341.71
126.00 584.77
167.00 211.10
141.00 8018.63
594.00 304.37
137.00 7222.55
402.00 -17.92
208.00 127.20
386.00 148.75
229.00 113.15
165.00 355.13
321.00 240.12
354.00 -7.71
248.00 329.83
178.00 109.69
228.00 82.85
259.00 79.10
361.00 186.59
369.00 46.13
392.00 125.82
238.00 2094.64
356.00 13134.81
115.00 205.53
181.00 131.24
406.00 396.98
220.00 170.02
341.00 101.45
257.00 8378.59
241.00 73.52
460.00 70.06
105.00 137.30
351.00 134.16
425.00 182.86
392.00 -89.47
193.00 179.75
368.00 2701.58
281.00 6708.97
462.00 13108.33
184.00 19188.65
110.00 4585.61
315.00 2827.43
221.00 342.91
190.00 11780.01
133.00 138.98
275.00 192.25
205.00 618.30
354.00 12686.57
652.00 162.82
214.00 178.95
201.00 41.55
213.00 88.24
121.00 189.45
208.00 290.08
316.00 181.16
173.00 458.26
181.00 163.37
255.00 14763.22
1253.00 90.90
321.00 595.69
231.00 88.31
407.00 -24.52
204.00 42.85
255.00 377.28
362.00 128.16
173.00 4456.46
392.00 12026.67
297.00 858.28
433.00 18062.86
209.00 113.82
159.00 244.55
159.00 8222.39
209.00 1603.30
238.00 276.57
222.00 184.25
154.00 8227.30
192.00 14199.97
534.00 59.66
212.00 270.33
94.00 128.56
374.00 134.38
206.00 3022.36
304.00 247.36
199.00 137.47
182.00 13659.05
373.00 20643.95
227.00 197.97
208.00 176.71
228.00 335.46
225.00 300.60
241.00 361.85
385.00 78.90
156.00 154.18
210.00 -4.43
412.00 -94.62
175.00 17279.38
207.00 218.82
230.00 501.55
393.00 1460.35
333.00 229.16
214.00 14573.71
193.00 1053.56
183.00 73.77
148.00 124.35
379.00 73.64
264.00 -55.29
237.00 17638.31
212.00 164.73
377.00 151.59
59.00 254.68
152.00 226.78
236.00 787.92
173.00 13396.46
243.00 2005.63
337.00 -67.56
430.00 250.70
167.00 228.21
109.00 58.27
179.00 142.85
235.00 84.24
118.00 2028.65
376.00 29.10
360.00 -173.01
78.00 12088.10
218.00 220.61
178.00 215.31
453.00 20585.43
388.00 108.30
153.00 16209.53
435.00 40.01
163.00 8883.79
355.00 143.12
284.00 160.59
91.00 8193.16
382.00 -83.77
295.00 108.08
345.00 54.11
320.00 47.75
172.00 261.79
114.00 234.07
184.00 20272.91
201.00 14212.29
222.00 1871.21
177.00 15850.89
275.00 1343.62
159.00 518.31
206.00 2615.19
174.00 3920.98
368.00 -28.00
167.00 280.97
92.00 338.73
259.00 707.59
94.00 11390.16
154.00 163.14
369.00 145.74
78.00 264.92
273.00 13117.56
169.00 166.63
277.00 53.20
211.00 123.33
211.00 218.84
366.00 -37.12
259.00 2514.28
210.00 226.50
330.00 128.77
125.00 81.48
202.00 398.74
197.00 306.22
396.00 12455.19
369.00 2581.33
200.00 79.98
208.00 -17.69
221.00 184.59
451.00 14995.51
208.00 169.24
248.00 12967.41
331.00 -8.61
222.00 2924.19
385.00 13236.98
178.00 103.39
215.00 238.27
385.00 215.11
324.00 4044.46
345.00 128.62
252.00 -111.37
357.00 1317.89
145.00 323.43
100.00 6161.77
161.00 12545.91
164.00 10927.32
192.00 15199.81
138.00 780.38
748.00 1035.69
75.00 111.39
167.00 158.31
75.00 207.86
383.00 2351.39
369.00 368.40
229.00 120.14
140.00 9787.34
223.00 142.66
388.00 12693.66
210.00 139.44
167.00 8334.41
357.00 131.32
165.00 270.85
193.00 10429.31
214.00 141.28
280.00 2462.52
1252.00 568.53
249.00 3412.41
237.00 -34.44
216.00 276.62
203.00 91.02
332.00 238.91
222.00 157.98
223.00 13285.46
275.00 257.51
405.00 15656.87
214.00 89.87
360.00 37.76
49.00 154.78
206.00 151.26
282.00 272.13
438.00 -138.90
205.00 17739.76
306.00 12745.66
187.00 198.54
380.00 624.72
234.00 11784.01
408.00 17932.74
192.00 1367.69
77.00 605.66
410.00 603.14
325.00 278.76
156.00 12150.49
129.00 134.48
224.00 14708.73
300.00 2361.07
363.00 146.87
223.00 1486.43
301.00 3470.82
185.00 115.73
135.00 168.58
65.00 181.91
373.00 -59.52
138.00 4143.97
351.00 21.62
215.00 13906.92
161.00 762.60
305.00 39.78
119.00 235.48
207.00 355.28
230.00 1900.75
203.00 592.29
218.00 205.94
177.00 12432.67
192.00 192.88
171.00 2304.50
294.00 21025.16
373.00 336.45
203.00 131.52
104.00 6081.18
1045.00 -70.53
264.00 3550.21
222.00 53.77
408.00 1753.41
345.00 58.03
286.00 61.24
283.00 128.72
426.00 15585.50
226.00 143.62
156.00 13178.92
116.00 8504.92
233.00 298.09
241.00 114.49
136.00 11863.70
361.00 162.52
80.00 8683.53
161.00 10662.66
222.00 6266.78
235.00 1525.84
238.00 12059.88
377.00 10824.40
377.00 189.66
178.00 12588.38
168.00 -43.90
147.00 283.19
257.00 219.97
325.00 57.74
372.00 702.28
115.00 14061.03
364.00 22.33
140.00 149.59
244.00 13006.08
349.00 349.72
374.00 12556.50
198.00 2.55
148.00 670.66
189.00 361.14
258.00 9.99
242.00 33.35
273.00 738.39
202.00 517.81
169.00 12661.38
336.00 11594.44
353.00 672.00
187.00 462.98
249.00 203.20
206.00 6330.05
403.00 73.75
211.00 200.36
156.00 66.63
335.00 25.81
146.00 2166.09
374.00 248.77
480.00 9588.23
379.00 95.67
423.00 88.90
210.00 34.53
186.00 11351.76
408.00 221.34
437.00 20859.79
258.00 125.51
380.00 9047.40
804.00 661.68
147.00 12765.25
266.00 208.85
349.00 -54.84
182.00 12665.40
215.00 199.49
333.00 292.34
188.00 13896.68
349.00 1740.55
308.00 156.30
115.00 825.60
113.00 620.93
230.00 122.59
324.00 37.87
143.00 289.27
112.00 11353.58
230.00 229.36
385.00 13397.76
415.00 11529.97
353.00 10582.96
219.00 13966.04
237.00 398.28
396.00 16295.34
506.00 1752.45
183.00 11698.08
180.00 8202.80
390.00 12113.48
222.00 127.60
411.00 -3.12
402.00 128.62
214.00 236.19
229.00 180.99
224.00 160.26
231.00 267.28
156.00 180.18
195.00 282.91
182.00 13278.94
230.00 87.48
110.00 166.72
361.00 81.00
166.00 8873.27
180.00 159.02
333.00 2179.62
476.00 208.56
376.00 568.19
384.00 11814.55
204.00 13688.40
246.00 129.61
347.00 84.20
303.00 184.12
234.00 -43.53
164.00 8560.30
214.00 141.26
214.00 273.19
368.00 16.52
207.00 216.36
173.00 10350.05
121.00 2162.83
368.00 -11.33
362.00 25.25
226.00 106.52
175.00 225.55
220.00 2185.68
215.00 140.07
346.00 299.57
248.00 367.57
270.00 9072.28
189.00 13563.97
141.00 220.71
136.00 238.57
183.00 209.99
205.00 9798.99
208.00 216.61
367.00 22.29
201.00 135.36
126.00 3701.84
254.00 477.62
153.00 190.04
333.00 26.15
403.00 27.47
164.00 269.48
181.00 12970.50
357.00 87.39
286.00 1135.69
220.00 708.82
435.00 125.08
196.00 -9.67
420.00 101.87
391.00 2743.11
261.00 678.65
213.00 164.52
352.00 2358.18
344.00 533.45
37.00 2616.10
480.00 453.12
411.00 213.54
233.00 346.09
218.00 322.70
93.00 5857.44
233.00 8981.23
426.00 125.00
248.00 455.31
409.00 12763.86
281.00 14570.96
243.00 250.29
331.00 236.60
1343.00 2693.75
186.00 106.18
347.00 212.40
382.00 -155.07
113.00 231.72
219.00 578.02
349.00 10857.63
80.00 68.90
127.00 195.24
373.00 14013.75
116.00 12410.54
199.00 81.89
124.00 4955.70
248.00 275.06
192.00 156.94
210.00 280.52
355.00 177.16
294.00 177.30
260.00 74.60
378.00 57.43
215.00 24.60
288.00 842.11
266.00 312.38
203.00 148.95
315.00 2153.45
