1.00 875.98
3.00 8213.66
2.00 8190.26
9.00 818.41
2.00 10250.12
0.00 690.25
3.00 18292.40
2.00 8868.32
2.00 742.35
2.00 10000.22
1.00 11164.61
1.00 801.43
3.00 3170.40
2.00 1463.85
2.00 7026.26
5.00 23623.21
2.00 349.21
2.00 499.91
3.00 5946.27
3.00 4729.20
2.00 23743.35
2.00 326.85
0.00 20719.56
3.00 6423.72
2.00 2944.68
1.00 8027.36
2.00 4451.29
4.00 1338.20
1.00 24928.78
1.00 3904.19
1.00 6891.83
1.00 8469.01
2.00 9574.14
0.00 3777.17
1.00 568.15
4.00 5009.86
3.00 12175.23
1.00 14889.19
1.00 746.33
2.00 7240.92
2.00 22925.10
3.00 135.76
8.00 21178.77
2.00 14431.41
0.00 743.33
0.00 268.28
1.00 21744.21
0.00 517.21
0.00 644.10
5.00 10033.91
0.00 6296.16
0.00 668.47
1.00 7705.98
1.00 8637.62
3.00 26125.33
3.00 881.78
1.00 9298.58
2.00 21684.15
3.00 22952.40
1.00 891.77
1.00 21768.25
0.00 14676.80
1.00 780.33
3.00 17473.62
0.00 870.03
2.00 6700.11
1.00 7631.73
1.00 8440.23
0.00 709.75
3.00 31925.28
0.00 641.59
15.00 13094.09
2.00 453.64
2.00 7237.10
3.00 5936.75
0.00 293.92
0.00 446.61
3.00 2392.73
5.00 516.75
1.00 1160.30
10.00 1036.57
0.00 20755.89
6.00 718.99
3.00 5837.53
2.00 10155.56
0.00 11009.88
1.00 857.10
3.00 1545.89
3.00 8119.68
4.00 3148.79
3.00 5749.61
0.00 1647.90
0.00 738.36
0.00 676.40
10.00 908.82
1.00 10261.60
1.00 11398.15
6.00 177.84
0.00 3571.97
1.00 641.99
3.00 2137.91
0.00 372.65
3.00 6425.54
2.00 879.90
2.00 4143.84
3.00 95.22
3.00 7639.80
2.00 423.69
10.00 704.33
2.00 9011.35
16.00 1211.38
2.00 4254.16
3.00 12247.69
18.00 585.30
2.00 1860.18
0.00 475.97
1.00 754.37
2.00 779.38
0.00 714.98
1.00 6971.37
1.00 1691.37
2.00 7608.15
0.00 20138.75
3.00 5958.57
7.00 1676.88
4.00 813.16
3.00 1377.62
5.00 581.39
2.00 2065.06
0.00 3491.80
1.00 901.53
3.00 18594.66
2.00 6149.89
0.00 1025.58
2.00 6876.98
9.00 13052.72
2.00 8720.20
3.00 475.06
1.00 6586.21
4.00 555.49
0.00 534.07
8.00 18004.63
1.00 638.65
3.00 12750.28
2.00 9863.22
1.00 9084.98
1.00 1181.21
2.00 19309.50
2.00 10059.55
0.00 515.62
1.00 10599.88
1.00 725.79
0.00 9754.24
3.00 6314.33
1.00 967.24
2.00 8246.88
3.00 9153.08
10.00 17179.45
0.00 1001.12
5.00 6210.36
0.00 860.75
2.00 385.98
13.00 971.24
4.00 1420.05
3.00 5482.38
1.00 451.77
2.00 25935.16
2.00 524.68
2.00 23331.83
2.00 8838.83
4.00 32084.83
2.00 5518.16
9.00 1296.70
3.00 10616.08
2.00 26534.74
1.00 5765.07
3.00 13542.42
1.00 703.85
1.00 776.26
1.00 916.97
2.00 20050.15
0.00 882.40
1.00 9588.01
2.00 6731.24
2.00 7841.67
3.00 29112.12
2.00 6665.69
2.00 302.22
9.00 17547.42
1.00 25311.89
3.00 9214.26
0.00 4173.99
2.00 4168.04
3.00 6002.86
0.00 576.98
2.00 8896.64
3.00 8162.89
2.00 29656.55
2.00 355.25
2.00 1655.12
1.00 5559.76
1.00 5655.34
0.00 753.85
5.00 574.30
1.00 1711.10
1.00 11295.44
9.00 16786.71
0.00 10700.56
3.00 14539.23
1.00 8931.47
3.00 612.95
2.00 896.50
0.00 900.28
2.00 20189.42
2.00 3939.10
0.00 645.41
1.00 776.62
1.00 1022.93
6.00 -187.08
2.00 145.04
3.00 1374.98
3.00 8878.78
1.00 498.48
0.00 418.77
3.00 18202.74
4.00 14567.95
0.00 534.14
1.00 844.93
4.00 524.84
8.00 13167.59
7.00 17513.04
2.00 9123.16
0.00 916.11
3.00 17870.40
1.00 1012.50
1.00 10876.58
0.00 406.70
1.00 8343.97
2.00 4763.89
0.00 9721.35
1.00 18929.58
3.00 5258.61
9.00 16865.88
2.00 2425.86
0.00 662.50
11.00 1385.06
4.00 22699.83
2.00 1308.86
3.00 7041.13
1.00 631.83
2.00 21254.77
3.00 6477.19
2.00 1412.26
1.00 216.71
8.00 4488.87
1.00 984.86
2.00 1429.54
3.00 5886.00
2.00 617.37
2.00 23744.70
1.00 23388.84
2.00 949.16
1.00 784.30
2.00 16539.05
0.00 19635.49
11.00 5056.59
0.00 583.27
1.00 813.22
1.00 932.71
3.00 5574.36
2.00 281.76
3.00 10889.18
2.00 6752.83
4.00 5550.89
2.00 3388.14
1.00 10450.94
1.00 6662.34
0.00 645.05
3.00 12331.39
1.00 803.71
1.00 693.09
1.00 17799.84
4.00 7970.80
1.00 21234.86
3.00 3119.62
6.00 227.74
2.00 8480.37
5.00 153.66
4.00 -80.10
2.00 3473.37
0.00 729.74
1.00 9624.87
2.00 602.28
2.00 3948.25
2.00 6089.47
4.00 -131.57
0.00 736.09
4.00 2521.92
2.00 21583.34
1.00 6081.99
3.00 6353.25
4.00 2845.47
1.00 5136.95
1.00 807.50
1.00 702.44
1.00 2249.90
1.00 6137.39
0.00 -168.42
3.00 259.86
1.00 777.31
2.00 754.27
2.00 1495.38
1.00 10621.43
3.00 884.33
0.00 444.40
2.00 10255.82
2.00 585.41
2.00 504.45
9.00 1146.03
2.00 481.26
3.00 7845.69
12.00 1528.33
2.00 10516.00
2.00 1107.64
4.00 4801.57
3.00 14339.90
1.00 11373.50
2.00 10162.43
4.00 1138.22
0.00 700.89
2.00 1226.37
1.00 10889.11
1.00 8739.27
3.00 4322.17
1.00 5617.37
4.00 21058.66
2.00 2597.35
3.00 1016.99
2.00 15434.09
9.00 1600.79
1.00 3985.94
0.00 539.09
0.00 757.67
0.00 10515.27
2.00 5171.52
0.00 472.22
7.00 19044.77
1.00 5588.86
2.00 7541.13
0.00 1083.43
1.00 907.46
3.00 13942.55
1.00 814.53
1.00 7060.24
0.00 12166.25
0.00 520.46
1.00 637.93
2.00 13214.79
2.00 7194.20
0.00 1226.98
4.00 206.05
2.00 5724.44
3.00 14515.82
3.00 92.56
0.00 800.89
0.00 9200.26
0.00 21458.51
2.00 6417.00
3.00 5822.92
1.00 8842.26
3.00 1423.51
1.00 771.58
0.00 9454.63
8.00 5755.02
0.00 439.08
3.00 8443.97
2.00 27898.06
4.00 2531.69
0.00 471.05
4.00 3748.37
1.00 11660.44
2.00 484.89
4.00 20376.30
3.00 525.91
3.00 7345.34
2.00 21165.44
3.00 5053.81
2.00 24188.08
4.00 6634.19
0.00 1306.57
2.00 6652.89
3.00 5813.54
1.00 425.37
2.00 795.11
1.00 783.66
0.00 630.39
2.00 3391.86
3.00 11758.46
0.00 734.35
5.00 15049.08
0.00 592.61
4.00 3234.06
2.00 7468.70
3.00 34260.67
3.00 1204.77
1.00 9927.33
3.00 8076.76
5.00 460.13
8.00 14449.10
1.00 3360.39
1.00 10989.25
3.00 4704.04
3.00 2436.97
8.00 10937.40
2.00 7909.46
2.00 21908.92
1.00 579.46
2.00 761.85
2.00 10154.67
3.00 2768.86
3.00 12731.36
2.00 6808.24
3.00 16296.89
14.00 16404.09
0.00 22604.83
9.00 9441.89
0.00 9992.13
2.00 7332.79
1.00 10274.95
1.00 1242.28
1.00 10556.96
1.00 1365.53
4.00 1386.43
1.00 10557.98
1.00 2640.51
3.00 6191.26
2.00 737.21
0.00 505.51
3.00 6802.03
3.00 5314.04
0.00 9450.73
1.00 10486.79
1.00 6791.93
2.00 8776.00
0.00 284.69
1.00 8588.65
3.00 8222.24
4.00 -454.30
1.00 1127.85
0.00 704.49
0.00 613.55
0.00 606.44
3.00 150.84
4.00 -116.99
9.00 16207.42
2.00 11977.48
2.00 1550.63
1.00 2477.91
2.00 12316.27
8.00 13805.66
2.00 300.80
3.00 430.69
2.00 580.92
2.00 26357.30
0.00 10969.28
2.00 189.15
3.00 8727.08
3.00 8285.49
2.00 23103.65
3.00 3529.01
1.00 847.39
3.00 6632.88
1.00 714.05
11.00 21372.81
3.00 5502.10
3.00 5613.55
0.00 23684.51
0.00 232.10
0.00 763.46
1.00 21991.28
1.00 499.43
2.00 8553.93
2.00 9757.29
1.00 7992.65
0.00 673.92
1.00 835.57
4.00 11271.87
2.00 1231.23
10.00 1075.28
4.00 707.57
3.00 6055.06
1.00 719.73
3.00 6238.56
2.00 2870.85
3.00 -80.72
3.00 985.85
2.00 5959.33
1.00 11282.26
3.00 7830.01
1.00 3724.97
9.00 18154.05
3.00 4971.46
3.00 5395.69
3.00 177.56
3.00 740.19
3.00 190.46
7.00 655.71
1.00 735.66
2.00 220.56
1.00 648.16
2.00 7668.66
4.00 8286.87
4.00 280.88
3.00 5652.38
1.00 801.73
9.00 10487.42
3.00 6220.08
1.00 2517.39
2.00 1364.41
1.00 481.04
2.00 2611.41
3.00 6536.50
2.00 579.11
1.00 704.73
4.00 3701.59
1.00 8143.52
1.00 1764.82
0.00 580.04
5.00 -678.40
4.00 965.38
0.00 541.63
2.00 27057.23
2.00 11654.81
1.00 682.19
3.00 1040.28
13.00 1435.41
3.00 7576.04
1.00 745.45
5.00 11735.65
3.00 7632.80
3.00 7313.05
1.00 1783.70
3.00 1840.17
1.00 9869.48
3.00 9970.79
0.00 10748.08
3.00 7245.55
4.00 135.87
3.00 8632.81
1.00 6105.46
1.00 605.47
1.00 8563.39
2.00 8991.87
1.00 7715.84
0.00 768.00
1.00 935.85
3.00 5585.57
1.00 685.63
3.00 12221.47
1.00 18816.41
1.00 10953.08
2.00 11245.93
1.00 5670.74
3.00 861.19
0.00 705.70
6.00 527.44
2.00 10151.55
3.00 9623.01
3.00 25302.77
1.00 735.17
0.00 19806.63
0.00 518.90
0.00 618.99
0.00 646.35
2.00 10556.96
2.00 357.03
2.00 1162.98
3.00 5429.17
1.00 7957.69
2.00 781.65
3.00 25776.24
1.00 738.64
3.00 30359.85
3.00 6147.91
1.00 655.33
1.00 5253.20
12.00 2050.37
3.00 5904.22
0.00 538.10
0.00 7807.12
0.00 681.54
3.00 5258.51
1.00 9016.90
2.00 1057.84
2.00 3839.23
2.00 17870.38
2.00 5680.39
2.00 22910.17
2.00 5344.92
1.00 7372.84
2.00 5455.86
1.00 6272.86
1.00 695.85
0.00 522.66
0.00 348.02
3.00 849.91
2.00 436.13
2.00 5044.03
1.00 1293.24
4.00 5420.22
1.00 10115.46
4.00 4218.19
2.00 12133.09
2.00 7180.69
0.00 671.30
1.00 5525.91
2.00 7665.74
1.00 10784.86
0.00 9394.16
7.00 664.26
4.00 7898.67
0.00 9025.32
1.00 9520.83
0.00 536.16
2.00 1207.21
2.00 6036.67
1.00 7826.99
1.00 11012.96
3.00 5805.54
13.00 5307.17
1.00 -24.89
1.00 990.13
3.00 5125.22
1.00 15655.86
3.00 8341.51
1.00 18105.21
2.00 14791.22
11.00 1031.41
7.00 14378.03
2.00 4296.54
2.00 7833.15
5.00 188.79
2.00 3952.39
7.00 737.41
2.00 26352.61
2.00 832.78
2.00 10473.20
1.00 13565.82
2.00 28461.36
1.00 6215.39
13.00 9621.34
0.00 716.11
0.00 937.49
3.00 183.56
2.00 29389.06
2.00 565.05
0.00 24984.88
3.00 142.53
1.00 8779.63
3.00 427.74
2.00 1175.98
6.00 320.71
17.00 1151.58
1.00 10596.84
1.00 1002.37
1.00 704.45
18.00 1730.35
4.00 775.33
4.00 17245.27
13.00 4737.13
3.00 428.15
2.00 20386.67
2.00 9149.12
1.00 8891.28
3.00 5695.26
3.00 304.58
1.00 5558.40
4.00 12645.54
3.00 6767.10
1.00 980.38
3.00 487.91
1.00 10679.99
0.00 479.80
2.00 8002.71
3.00 625.68
0.00 637.41
3.00 5872.08
2.00 1995.89
1.00 6621.38
1.00 1072.24
1.00 19926.80
4.00 33109.07
2.00 6449.86
2.00 648.06
2.00 4786.05
2.00 9044.13
7.00 15383.79
3.00 7187.65
1.00 699.33
2.00 404.47
5.00 101.24
2.00 1274.97
3.00 319.86
0.00 6005.04
2.00 3526.12
2.00 9659.26
3.00 1283.97
2.00 347.28
1.00 4893.97
3.00 5871.22
3.00 7011.39
1.00 4613.80
2.00 16841.74
2.00 316.56
4.00 15141.28
1.00 1481.11
6.00 1059.20
5.00 3536.25
0.00 578.01
3.00 133.30
3.00 5393.36
2.00 752.84
2.00 5559.76
3.00 7200.60
3.00 6127.97
1.00 5185.81
3.00 488.84
11.00 11737.95
1.00 794.42
2.00 16666.29
0.00 10560.13
2.00 9364.59
2.00 23412.45
1.00 2293.01
1.00 695.37
3.00 8152.02
0.00 10679.60
0.00 483.35
13.00 2363.38
1.00 6186.89
5.00 2341.94
3.00 8047.93
2.00 472.17
3.00 5106.89
1.00 15224.48
0.00 18091.24
2.00 8823.00
3.00 7921.49
2.00 1516.65
2.00 16650.19
2.00 9594.75
2.00 575.43
2.00 320.23
1.00 10752.59
5.00 -354.08
7.00 14364.99
2.00 494.74
1.00 21359.73
1.00 893.25
0.00 617.29
2.00 16504.78
1.00 7726.13
3.00 7059.16
3.00 6286.77
2.00 9554.74
3.00 5909.62
3.00 6014.81
3.00 12236.66
1.00 9343.28
4.00 8811.50
3.00 7872.86
2.00 5331.35
3.00 8122.46
0.00 920.12
3.00 3266.59
3.00 696.36
2.00 14870.23
22.00 1343.77
2.00 21069.88
1.00 1370.59
2.00 4911.69
2.00 14696.48
2.00 26301.70
1.00 9281.03
2.00 2956.72
2.00 3697.98
3.00 8332.89
1.00 701.35
2.00 14320.41
2.00 9661.33
1.00 1181.76
2.00 26932.62
2.00 7647.20
0.00 411.56
3.00 11126.54
4.00 3005.11
1.00 547.97
0.00 799.07
1.00 867.35
5.00 955.25
1.00 18717.44
3.00 4474.50
3.00 9535.57
2.00 9334.25
2.00 2903.74
1.00 12821.30
1.00 511.01
4.00 2152.30
1.00 8777.84
2.00 17388.44
1.00 2856.69
6.00 704.61
14.00 16677.23
2.00 5920.91
2.00 6893.06
2.00 8971.80
1.00 12427.22
1.00 10436.29
4.00 -107.80
3.00 3324.72
4.00 510.21
3.00 6244.59
0.00 3322.44
3.00 288.48
9.00 5988.62
2.00 10343.94
9.00 1276.18
12.00 1222.23
3.00 5885.45
3.00 5694.92
3.00 2102.93
1.00 2659.89
1.00 1045.42
4.00 17646.98
3.00 5416.58
4.00 8195.81
0.00 666.52
3.00 3353.00
1.00 9475.36
2.00 3921.18
3.00 5610.41
1.00 9350.72
2.00 26097.19
1.00 838.29
1.00 4039.03
2.00 5315.54
0.00 517.17
0.00 594.85
3.00 9960.86
0.00 1607.35
3.00 5227.89
2.00 5660.71
4.00 32.59
1.00 5050.26
3.00 5432.48
3.00 10783.02
12.00 12291.03
0.00 896.91
1.00 10167.65
2.00 8222.10
0.00 775.02
2.00 22206.92
0.00 401.21
1.00 1272.35
1.00 19255.08
2.00 2616.83
2.00 13121.06
3.00 3149.18
0.00 201.79
0.00 729.06
5.00 8240.20
1.00 10934.67
1.00 8877.64
0.00 421.48
2.00 624.24
1.00 9531.30
9.00 15293.06
3.00 8856.60
1.00 9643.54
0.00 834.01
2.00 8297.81
3.00 287.87
0.00 551.65
0.00 10800.30
2.00 2288.77
2.00 767.79
1.00 748.96
2.00 503.64
0.00 9861.86
3.00 29075.76
2.00 18440.05
3.00 30204.60
1.00 9510.92
4.00 8094.07
4.00 9255.96
3.00 1304.92
1.00 692.83
1.00 1588.98
0.00 22083.27
2.00 622.29
3.00 5335.27
1.00 7819.74
1.00 88.02
2.00 8070.32
7.00 14953.23
0.00 786.17
1.00 11100.64
0.00 448.77
1.00 653.68
3.00 272.24
8.00 499.43
3.00 27114.93
2.00 2454.51
3.00 2005.42
3.00 7758.76
3.00 28626.08
1.00 10061.73
3.00 9797.06
0.00 778.00
2.00 9242.04
0.00 9291.13
4.00 18445.22
3.00 7710.19
2.00 7447.46
0.00 623.01
3.00 5876.91
1.00 11411.05
1.00 923.09
3.00 23047.12
22.00 580.94
1.00 13600.62
1.00 670.25
3.00 3583.85
2.00 8483.82
12.00 17807.51
1.00 1322.79
4.00 7073.27
2.00 496.17
1.00 698.23
1.00 6783.59
3.00 24565.65
1.00 6359.12
4.00 560.61
1.00 948.69
3.00 795.50
0.00 1094.04
6.00 16159.31
1.00 8387.43
3.00 2560.14
2.00 1591.94
3.00 15526.53
4.00 8480.73
1.00 9811.79
2.00 338.89
0.00 685.14
2.00 1821.63
0.00 720.82
9.00 931.09
3.00 26564.04
1.00 9471.12
1.00 9523.09
1.00 938.29
2.00 6502.94
2.00 689.74
1.00 9687.96
6.00 16334.91
2.00 7670.50
2.00 9002.57
1.00 6552.50
2.00 16635.09
13.00 15930.94
1.00 12297.26
2.00 9661.43
3.00 6903.65
2.00 17573.01
3.00 8608.95
4.00 3912.33
3.00 6423.35
1.00 242.90
3.00 9868.06
2.00 25537.36
2.00 23948.22
2.00 5544.67
2.00 3612.74
1.00 875.87
2.00 17479.03
3.00 5104.75
2.00 7829.92
2.00 823.22
3.00 1280.62
2.00 1579.73
13.00 1438.85
5.00 1214.95
2.00 9978.55
2.00 6455.48
2.00 9362.74
2.00 1000.83
0.00 1024.51
3.00 5756.29
1.00 9567.04
1.00 12953.45
1.00 10036.06
2.00 569.84
2.00 4835.06
3.00 3785.76
2.00 11691.07
0.00 663.67
1.00 2685.69
1.00 10039.95
2.00 376.56
3.00 4579.11
3.00 590.11
5.00 97.25
1.00 1087.97
0.00 20129.80
2.00 5616.44
3.00 2761.98
3.00 6975.54
1.00 1786.55
2.00 5213.71
3.00 20765.01
3.00 8739.90
5.00 392.59
3.00 8821.83
2.00 6832.92
2.00 6055.80
0.00 1613.19
3.00 12832.23
3.00 626.03
2.00 1261.10
4.00 -128.81
3.00 4972.18
1.00 4781.24
0.00 805.88
1.00 6042.29
3.00 7653.04
1.00 22412.74
8.00 720.63
2.00 6402.66
2.00 659.48
0.00 2544.37
2.00 2179.82
3.00 19700.07
4.00 391.81
3.00 52.56
1.00 698.92
2.00 22312.77
3.00 10876.97
6.00 147.49
2.00 21237.45
0.00 639.28
2.00 1998.71
2.00 2422.03
2.00 511.78
2.00 7333.97
1.00 9330.39
2.00 11133.15
1.00 12692.07
4.00 -119.85
2.00 6849.80
1.00 6933.87
0.00 667.97
10.00 1263.36
3.00 8191.39
1.00 8252.59
3.00 7146.31
3.00 8608.32
3.00 6758.72
0.00 804.75
0.00 1266.90
4.00 8562.85
2.00 9827.49
2.00 4306.70
0.00 617.91
1.00 2823.35
3.00 162.16
1.00 7903.35
15.00 14730.21
0.00 5967.16
3.00 7074.39
1.00 18205.80
3.00 6074.65
3.00 13751.97
2.00 6487.38
3.00 5369.16
3.00 7834.24
2.00 6297.76
3.00 5412.81
4.00 8265.93
3.00 5882.67
1.00 1060.18
1.00 738.05
3.00 2017.56
3.00 8848.86
1.00 722.31
1.00 18916.87
0.00 890.36
3.00 10495.10
0.00 5885.53
3.00 2472.73
1.00 6318.90
0.00 516.08
1.00 571.66
3.00 10374.43
18.00 -625.02
2.00 27302.99
2.00 10609.37
1.00 730.42
3.00 12330.45
3.00 8027.04
3.00 5277.65
3.00 335.67
2.00 8449.78
1.00 865.96
0.00 812.59
2.00 8151.76
1.00 920.04
3.00 96.13
0.00 710.36
1.00 802.00
0.00 348.55
3.00 3930.39
0.00 992.33
4.00 59.56
14.00 16319.67
1.00 944.43
2.00 3607.59
2.00 394.73
3.00 7406.55
1.00 12137.12
1.00 9645.83
12.00 14486.34
1.00 10780.98
2.00 22822.06
1.00 677.28
1.00 1270.29
1.00 9236.02
3.00 8460.00
2.00 319.86
12.00 994.33
3.00 6442.43
4.00 9170.87
2.00 7684.04
2.00 6496.84
4.00 601.67
0.00 613.39
5.00 12372.02
1.00 13060.53
2.00 9687.64
7.00 957.45
3.00 928.74
4.00 8458.97
2.00 950.96
1.00 16933.24
0.00 469.07
3.00 8875.95
14.00 12656.41
0.00 250.09
0.00 810.80
3.00 -95.08
2.00 7511.45
5.00 -341.36
1.00 2157.51
1.00 11237.99
4.00 363.87
16.00 1454.78
2.00 8352.46
3.00 3648.07
3.00 8008.61
2.00 883.95
1.00 810.81
7.00 4731.71
1.00 1724.87
1.00 19803.88
1.00 12908.45
3.00 8118.36
3.00 8366.72
2.00 12990.96
5.00 19934.07
2.00 345.04
2.00 4857.60
0.00 814.04
3.00 3702.15
1.00 485.05
3.00 7564.28
2.00 12413.60
5.00 8350.57
3.00 5776.93
4.00 32.09
1.00 9919.81
7.00 17035.07
3.00 3130.76
1.00 1135.40
0.00 633.54
9.00 17589.38
3.00 1685.02
1.00 7046.43
1.00 20947.05
4.00 7296.25
0.00 573.48
0.00 764.39
1.00 4582.88
2.00 4470.41
3.00 6853.94
1.00 8252.71
2.00 5812.17
3.00 6311.43
2.00 610.51
0.00 10306.85
11.00 868.50
0.00 695.63
3.00 12750.12
3.00 466.94
5.00 8615.60
2.00 6444.80
1.00 13079.83
0.00 688.89
1.00 9884.83
6.00 690.75
2.00 689.04
3.00 7049.14
1.00 294.79
3.00 25376.63
2.00 13828.75
1.00 638.49
3.00 7767.59
1.00 9859.39
3.00 3501.73
3.00 10139.33
0.00 566.82
0.00 9549.37
2.00 535.38
0.00 779.37
0.00 10182.85
3.00 26847.34
3.00 8180.01
1.00 5450.07
1.00 20796.33
1.00 9339.06
0.00 584.59
1.00 10772.34
2.00 6042.46
2.00 658.05
1.00 5054.07
2.00 3929.98
10.00 1211.65
0.00 767.72
3.00 3586.26
1.00 3945.90
3.00 1108.33
6.00 560.24
2.00 506.90
2.00 6669.36
1.00 7494.70
4.00 3004.39
3.00 6307.60
0.00 190.01
1.00 488.33
9.00 18455.50
0.00 10005.57
8.00 291.29
1.00 882.28
1.00 13162.33
2.00 7943.36
2.00 27662.54
1.00 5014.48
0.00 3275.94
1.00 727.15
1.00 25963.17
1.00 25762.55
2.00 3325.17
3.00 20857.86
2.00 463.82
1.00 1029.82
3.00 6588.27
1.00 8963.93
1.00 9296.26
4.00 1611.23
2.00 9110.94
1.00 621.59
3.00 6885.33
3.00 7952.78
1.00 714.00
0.00 828.52
3.00 381.75
0.00 999.11
3.00 7568.91
2.00 8156.48
3.00 24154.35
2.00 553.06
1.00 938.14
3.00 614.98
4.00 3736.96
4.00 8786.35
3.00 8433.99
1.00 802.29
2.00 9868.98
0.00 4314.08
5.00 467.86
6.00 13543.65
1.00 12394.31
2.00 2093.66
2.00 7852.72
1.00 6433.72
0.00 850.16
2.00 560.66
3.00 5539.29
3.00 8444.24
9.00 10390.92
1.00 238.95
1.00 8585.21
0.00 9506.05
2.00 3306.79
1.00 3590.23
2.00 -191.66
3.00 440.60
2.00 9999.11
13.00 804.30
1.00 1123.34
1.00 10251.62
3.00 8834.23
3.00 7275.66
9.00 571.71
1.00 13640.86
2.00 644.31
0.00 626.02
3.00 7215.22
0.00 601.65
10.00 1163.53
27.00 -1095.97
2.00 5834.06
0.00 487.69
0.00 617.95
0.00 1040.24
2.00 987.51
1.00 23460.61
9.00 448.41
3.00 25775.08
3.00 2648.61
1.00 6094.95
1.00 10125.91
0.00 817.01
2.00 10019.89
4.00 2942.68
1.00 6152.61
2.00 7642.85
1.00 10558.61
2.00 1213.27
3.00 4276.42
3.00 8489.14
3.00 26329.33
1.00 1351.13
2.00 2962.51
0.00 433.99
2.00 2752.08
4.00 454.60
1.00 746.63
1.00 942.78
10.00 23856.38
1.00 512.61
8.00 -75.53
1.00 607.41
4.00 1051.73
1.00 10204.92
1.00 1135.03
2.00 6705.00
1.00 1443.80
2.00 1593.71
3.00 6787.61
3.00 4771.18
4.00 11685.62
1.00 819.10
1.00 9075.60
3.00 13894.42
1.00 9499.85
5.00 630.17
2.00 3430.53
1.00 10712.15
1.00 25789.38
3.00 832.90
2.00 857.39
1.00 1082.71
4.00 8829.07
3.00 7949.79
2.00 483.43
2.00 1993.77
2.00 369.58
2.00 5984.28
2.00 7784.31
2.00 1439.54
0.00 9883.86
3.00 747.31
2.00 4667.45
1.00 20056.01
2.00 8531.11
2.00 1845.53
0.00 670.53
0.00 20460.10
2.00 311.70
3.00 8083.54
3.00 5728.79
2.00 1837.43
1.00 797.08
1.00 9117.50
2.00 10458.82
2.00 663.12
2.00 9342.78
0.00 701.69
2.00 8049.50
2.00 6689.51
10.00 16846.15
2.00 3195.45
2.00 2349.38
3.00 4569.33
2.00 7341.66
0.00 10981.05
1.00 23270.47
3.00 12381.57
0.00 556.64
0.00 515.19
1.00 773.37
2.00 7128.34
8.00 282.83
2.00 5874.87
0.00 14162.48
0.00 22648.01
3.00 10494.81
0.00 692.12
1.00 685.14
0.00 462.97
8.00 -766.47
2.00 1002.73
2.00 2900.41
2.00 416.17
2.00 8771.19
1.00 24189.81
3.00 2502.89
3.00 1978.83
1.00 10830.65
3.00 5842.43
0.00 303.56
2.00 1181.94
0.00 461.75
3.00 6497.49
3.00 13667.60
2.00 27588.61
0.00 725.05
2.00 6358.12
1.00 3040.56
1.00 9309.49
2.00 2277.10
1.00 783.03
2.00 15177.53
3.00 5735.75
1.00 12572.79
1.00 20069.47
3.00 6843.37
3.00 4378.77
4.00 11126.54
3.00 6971.82
3.00 5824.55
2.00 22662.85
0.00 583.75
8.00 8126.25
12.00 15858.30
13.00 458.16
1.00 5460.27
11.00 16405.60
0.00 642.77
1.00 4965.45
2.00 1632.17
0.00 9331.42
7.00 481.00
0.00 22885.98
3.00 8767.03
0.00 818.66
0.00 4763.02
0.00 19718.81
11.00 16908.99
1.00 8008.63
2.00 9111.19
3.00 2968.78
5.00 10814.40
3.00 414.38
2.00 6153.95
3.00 5707.11
1.00 10796.31
3.00 786.85
0.00 353.57
0.00 9166.00
2.00 1030.39
1.00 11389.55
3.00 24706.97
2.00 18076.64
2.00 9883.84
0.00 15536.07
1.00 780.25
2.00 5535.87
0.00 5771.09
3.00 7762.87
3.00 848.19
0.00 8937.06
3.00 8902.08
1.00 8529.49
3.00 10242.27
0.00 723.76
2.00 432.98
0.00 2862.97
2.00 6337.65
2.00 1499.03
3.00 7501.53
0.00 773.63
1.00 21364.97
16.00 1075.59
3.00 8315.30
1.00 901.87
12.00 12057.22
0.00 887.84
2.00 23873.64
3.00 5881.27
3.00 8887.34
0.00 521.00
2.00 25658.07
1.00 873.05
2.00 545.39
0.00 585.14
2.00 3685.52
3.00 1129.68
5.00 13696.92
1.00 990.86
2.00 8421.40
0.00 643.43
3.00 4400.59
0.00 1600.33
3.00 5564.26
3.00 6157.37
0.00 2595.08
0.00 447.59
2.00 1469.90
3.00 6541.96
1.00 5208.41
4.00 3374.54
0.00 640.65
0.00 671.05
3.00 13638.51
0.00 578.20
1.00 1057.83
1.00 10061.51
3.00 9674.36
1.00 815.57
3.00 24528.00
1.00 23937.56
3.00 2546.45
2.00 5619.26
10.00 15836.75
1.00 880.45
4.00 6226.77
2.00 10089.46
1.00 1097.48
0.00 13723.59
2.00 1314.64
1.00 18112.14
2.00 5844.27
1.00 6589.34
3.00 28793.66
3.00 7984.71
1.00 873.44
0.00 396.51
3.00 8587.53
3.00 7095.95
1.00 9487.46
3.00 7680.07
0.00 715.27
2.00 7646.85
1.00 21439.70
2.00 10618.71
2.00 5832.30
2.00 2965.34
2.00 676.94
3.00 102.53
3.00 9731.95
1.00 20562.19
19.00 710.21
12.00 513.84
4.00 14410.43
2.00 8692.62
1.00 3474.06
3.00 426.41
1.00 8193.66
1.00 10283.97
0.00 554.67
2.00 8073.97
3.00 6999.42
2.00 3445.96
1.00 9113.19
3.00 3663.78
2.00 5017.72
1.00 654.95
0.00 9111.89
2.00 1386.87
3.00 8802.97
2.00 590.61
0.00 18627.72
3.00 7102.41
5.00 9171.98
2.00 7090.29
1.00 778.84
1.00 11454.87
0.00 738.70
3.00 8965.86
1.00 766.16
4.00 21455.24
3.00 7461.18
2.00 11677.72
3.00 6335.85
1.00 1496.71
0.00 507.37
1.00 10639.68
2.00 4301.03
1.00 815.79
0.00 714.64
0.00 630.96
2.00 5827.15
2.00 978.68
2.00 734.26
4.00 64.57
0.00 3418.02
10.00 18826.57
3.00 5410.89
1.00 635.93
3.00 7911.14
3.00 1984.68
1.00 5363.00
1.00 10599.73
1.00 13330.41
1.00 9482.39
0.00 613.34
3.00 7004.77
4.00 7544.15
2.00 18962.81
1.00 167.13
2.00 579.70
1.00 17913.87
2.00 8351.33
9.00 15931.28
1.00 1873.12
1.00 10116.14
0.00 3166.73
2.00 5597.48
0.00 20519.67
0.00 395.35
2.00 23051.38
9.00 25341.85
2.00 6271.17
1.00 2229.04
2.00 22995.04
1.00 11368.79
2.00 21167.01
2.00 683.32
2.00 8251.88
4.00 6703.00
0.00 624.13
1.00 894.22
3.00 6254.48
1.00 894.19
6.00 7657.23
2.00 8220.59
2.00 6850.20
13.00 1852.89
1.00 2430.05
3.00 8990.43
1.00 10606.95
3.00 9377.65
3.00 6697.45
2.00 5724.10
1.00 835.92
1.00 967.56
3.00 7705.25
0.00 581.82
0.00 3600.35
0.00 541.81
7.00 1848.78
0.00 813.56
0.00 192.09
4.00 8003.83
2.00 9580.01
1.00 9377.41
1.00 11060.34
1.00 881.99
3.00 3450.15
1.00 5949.46
0.00 473.98
2.00 7259.21
13.00 2148.25
2.00 7318.19
4.00 569.02
1.00 5474.87
0.00 1130.42
5.00 324.19
1.00 1722.60
1.00 12479.94
0.00 565.70
1.00 953.29
2.00 284.69
2.00 9559.89
1.00 780.48
2.00 9119.15
0.00 21509.51
1.00 9827.30
3.00 6465.65
1.00 2183.63
12.00 18374.01
1.00 498.20
0.00 562.07
3.00 7911.67
2.00 8797.16
2.00 9290.19
3.00 1917.07
0.00 11145.14
3.00 6792.90
1.00 605.12
1.00 11704.85
1.00 623.02
3.00 1594.41
4.00 9046.23
2.00 12180.87
1.00 4805.68
2.00 743.38
3.00 5406.85
12.00 16802.77
1.00 2186.50
9.00 15724.61
2.00 564.43
9.00 591.75
1.00 1032.65
3.00 3283.04
1.00 18697.02
2.00 23110.92
3.00 4369.13
3.00 2947.99
0.00 603.04
6.00 412.46
0.00 564.69
3.00 6259.43
1.00 9485.95
1.00 733.83
2.00 7453.17
1.00 6415.60
2.00 8839.90
3.00 9611.00
4.00 419.69
9.00 10565.19
4.00 7428.87
1.00 363.35
4.00 175.18
3.00 5997.52
1.00 2942.51
2.00 415.31
3.00 9062.35
1.00 5744.88
1.00 8246.20
3.00 7202.70
1.00 728.70
1.00 655.85
3.00 29768.28
2.00 4763.04
2.00 7628.45
3.00 8470.06
1.00 558.64
2.00 1682.42
1.00 9780.09
0.00 709.96
3.00 7452.30
1.00 9817.11
4.00 27287.29
1.00 488.67
3.00 5820.31
0.00 701.58
3.00 6891.68
1.00 23867.82
1.00 11193.06
2.00 3068.67
2.00 2793.13
1.00 8410.88
3.00 11290.65
1.00 8835.83
3.00 1448.73
14.00 923.67
2.00 1088.15
5.00 12360.76
1.00 639.07
2.00 5609.13
0.00 736.83
2.00 7354.36
2.00 5898.42
2.00 648.26
3.00 967.93
0.00 537.71
3.00 9225.40
0.00 20770.04
1.00 870.35
3.00 578.61
3.00 8566.57
3.00 6590.02
2.00 1519.44
3.00 3508.07
11.00 1256.88
1.00 888.38
2.00 9318.35
2.00 3833.11
3.00 12790.43
9.00 10230.38
9.00 10955.86
12.00 1874.12
3.00 957.31
0.00 439.24
0.00 612.10
1.00 8938.23
1.00 992.55
1.00 776.50
2.00 4018.15
2.00 617.05
0.00 651.03
0.00 7106.82
0.00 2112.84
3.00 2924.20
2.00 7050.76
3.00 8486.21
0.00 540.11
3.00 1283.88
4.00 333.26
1.00 513.19
3.00 7781.59
2.00 839.46
3.00 7839.31
3.00 10528.28
6.00 624.56
0.00 276.76
3.00 7978.94
1.00 8799.20
3.00 1219.25
2.00 477.64
0.00 616.49
1.00 7531.49
0.00 571.57
12.00 18333.29
3.00 7444.87
6.00 368.46
3.00 7617.03
3.00 8234.01
0.00 1049.43
3.00 5501.20
2.00 10385.76
3.00 7690.06
3.00 11399.93
3.00 9825.00
0.00 838.90
3.00 8363.68
2.00 1591.58
1.00 6229.21
2.00 7966.39
2.00 844.30
2.00 3856.57
1.00 941.42
1.00 7037.09
2.00 1845.94
2.00 304.89
4.00 231.72
2.00 13885.97
3.00 83.77
0.00 10464.60
2.00 10270.97
3.00 4938.73
1.00 441.47
2.00 565.85
4.00 83.52
2.00 5486.08
1.00 576.89
1.00 818.95
3.00 32349.76
3.00 778.75
3.00 7508.11
5.00 493.79
3.00 1094.57
4.00 277.67
0.00 633.70
1.00 380.58
1.00 811.01
3.00 8310.12
1.00 6237.54
2.00 8627.43
9.00 911.61
2.00 261.98
0.00 732.02
3.00 5413.62
0.00 304.37
0.00 322.15
9.00 934.90
6.00 2567.93
3.00 5520.16
12.00 15479.47
2.00 23688.79
2.00 1065.21
5.00 340.81
4.00 12285.87
3.00 456.89
0.00 506.08
2.00 9489.66
3.00 7018.67
0.00 689.96
2.00 1302.33
2.00 348.68
2.00 13511.86
2.00 6606.92
0.00 552.87
3.00 2689.75
1.00 3966.72
2.00 515.76
1.00 10659.31
3.00 535.09
3.00 185.03
1.00 14951.53
3.00 12317.43
3.00 4783.41
2.00 494.36
5.00 1668.53
2.00 20472.63
0.00 988.66
1.00 595.67
8.00 14355.47
5.00 93.68
2.00 5818.49
0.00 14003.42
3.00 151.31
3.00 2350.43
0.00 619.93
2.00 6297.45
10.00 549.21
2.00 886.53
15.00 1217.05
5.00 2372.44
1.00 10281.76
2.00 225.90
11.00 652.10
3.00 537.83
1.00 2796.34
3.00 31670.23
3.00 9274.91
0.00 1509.88
1.00 6276.60
3.00 11771.22
1.00 8965.00
1.00 601.32
5.00 2902.35
6.00 4920.33
2.00 8976.86
1.00 6399.25
2.00 25360.47
3.00 22086.56
1.00 3179.55
3.00 3408.50
7.00 12575.05
3.00 2764.08
1.00 1015.92
2.00 8888.50
2.00 8251.65
2.00 13337.57
4.00 17442.38
0.00 719.28
0.00 13463.73
0.00 435.91
1.00 619.98
1.00 6786.88
3.00 4584.41
1.00 10298.03
2.00 6262.85
0.00 18885.02
1.00 22456.45
2.00 5915.22
0.00 375.77
2.00 11718.19
0.00 649.22
3.00 5850.75
0.00 648.98
2.00 10216.39
3.00 23634.10
9.00 6053.11
1.00 10559.91
3.00 5762.59
2.00 10912.88
1.00 15719.47
2.00 1063.06
5.00 312.51
8.00 1054.38
2.00 117.42
3.00 16816.21
3.00 14475.61
0.00 1269.70
3.00 767.31
2.00 3332.75
0.00 223.00
5.00 3936.16
8.00 602.33
3.00 8128.70
1.00 575.88
1.00 9182.50
13.00 1465.38
1.00 1051.52
1.00 685.95
2.00 10000.70
3.00 5723.36
1.00 1159.88
1.00 537.01
2.00 15153.41
8.00 12984.78
0.00 471.74
14.00 1043.44
2.00 20619.89
2.00 19776.87
1.00 13876.05
3.00 806.01
3.00 5537.94
12.00 13146.47
3.00 7285.33
2.00 11840.06
1.00 221.03
2.00 5655.09
9.00 16607.17
1.00 14876.14
12.00 8839.94
2.00 8696.24
1.00 1896.56
2.00 28527.05
2.00 4382.63
0.00 896.09
3.00 21527.88
0.00 671.51
0.00 553.06
5.00 5165.56
1.00 4431.76
2.00 21200.45
3.00 396.61
2.00 25713.16
1.00 7760.37
3.00 4732.35
0.00 683.32
2.00 9972.17
4.00 3239.19
4.00 531.95
1.00 765.25
0.00 567.08
3.00 26417.49
1.00 17559.65
4.00 7510.07
0.00 398.88
3.00 14704.53
1.00 795.71
2.00 1046.99
21.00 525.97
17.00 -289.25
3.00 6968.28
3.00 3393.30
3.00 8772.42
1.00 8593.70
1.00 849.24
13.00 1293.06
2.00 5392.33
2.00 1684.37
7.00 784.30
3.00 9608.56
2.00 23510.36
0.00 12423.04
2.00 1177.08
3.00 180.94
2.00 6451.13
4.00 2983.61
2.00 1646.30
2.00 987.15
3.00 6258.94
5.00 191.25
0.00 801.67
8.00 6191.38
2.00 8413.58
2.00 3763.02
1.00 9356.94
2.00 8628.35
2.00 9982.18
3.00 445.96
3.00 13539.80
2.00 3369.06
2.00 7910.81
3.00 5779.34
2.00 16925.76
0.00 326.76
0.00 277.58
3.00 25585.32
2.00 23498.44
2.00 217.08
2.00 13657.10
3.00 11460.81
1.00 8768.14
1.00 5394.54
3.00 17244.10
2.00 9772.15
3.00 68.54
2.00 8201.82
1.00 9841.81
3.00 8860.79
1.00 761.48
13.00 1621.03
0.00 558.44
2.00 21412.88
1.00 711.48
4.00 848.01
1.00 6629.90
3.00 9938.04
1.00 16622.21
3.00 13017.37
3.00 6742.27
1.00 8991.95
2.00 10315.09
2.00 2035.00
2.00 660.86
3.00 6106.54
3.00 9990.55
3.00 2299.77
3.00 226.90
0.00 827.21
3.00 1956.67
1.00 7517.06
2.00 2339.03
2.00 11003.30
6.00 18310.10
2.00 2326.41
0.00 639.15
1.00 5515.95
3.00 6968.81
2.00 12593.88
0.00 9850.78
2.00 8594.02
10.00 1253.62
0.00 1192.48
3.00 529.90
2.00 282.60
7.00 697.92
1.00 1214.48
3.00 26669.63
5.00 746.99
2.00 5538.45
11.00 5794.20
3.00 625.21
1.00 19638.72
3.00 21768.37
11.00 14173.67
3.00 656.34
1.00 915.66
1.00 824.58
2.00 1959.23
3.00 5982.23
3.00 5762.89
10.00 7064.04
16.00 1595.43
3.00 19322.23
1.00 22317.94
1.00 3827.37
8.00 2134.08
0.00 462.38
2.00 7594.38
3.00 2856.03
0.00 610.92
1.00 999.81
2.00 352.62
1.00 11362.53
1.00 10392.10
1.00 8889.22
3.00 8197.88
0.00 740.40
0.00 11228.09
3.00 267.56
6.00 1132.59
2.00 145.57
4.00 13271.89
2.00 4298.22
6.00 16191.21
15.00 7037.20
3.00 6917.35
2.00 98.19
5.00 96.81
1.00 9917.25
1.00 5825.82
13.00 554.73
1.00 613.90
2.00 31484.90
2.00 6253.92
1.00 787.84
2.00 4935.32
3.00 6335.79
11.00 14996.50
2.00 20585.01
3.00 5924.83
15.00 12109.84
3.00 224.93
1.00 8080.64
1.00 9079.46
2.00 9182.47
2.00 17987.55
14.00 1272.45
0.00 548.67
3.00 11680.22
0.00 280.83
2.00 2202.87
4.00 6959.75
1.00 4355.79
1.00 6425.41
3.00 9065.04
0.00 451.34
3.00 28354.64
1.00 13039.86
3.00 8548.54
1.00 10355.98
3.00 5499.25
2.00 5998.24
0.00 540.98
1.00 352.12
0.00 1054.42
1.00 806.60
1.00 856.81
2.00 14555.92
2.00 12345.72
1.00 6695.93
2.00 6221.60
3.00 17129.85
3.00 7698.71
1.00 6755.99
5.00 5992.34
1.00 10299.89
2.00 17215.88
1.00 892.99
1.00 1024.80
1.00 10547.26
2.00 2346.14
2.00 8621.60
8.00 731.81
13.00 18889.70
2.00 4455.48
3.00 5227.20
0.00 754.13
1.00 821.05
3.00 4359.00
0.00 697.69
2.00 12901.56
2.00 11742.36
2.00 7921.71
0.00 842.41
6.00 10062.52
1.00 940.42
2.00 1521.48
5.00 355.32
3.00 7942.49
0.00 589.77
2.00 6929.83
2.00 681.78
1.00 1106.25
2.00 6418.08
2.00 11317.31
2.00 8910.15
5.00 653.53
3.00 787.85
2.00 9812.04
2.00 8269.87
10.00 18237.05
1.00 804.55
1.00 8014.44
3.00 845.01
3.00 9085.21
2.00 866.58
3.00 8471.86
2.00 5276.10
0.00 10968.34
1.00 938.39
0.00 271.08
0.00 754.56
3.00 9292.39
2.00 6889.69
3.00 8927.59
2.00 5162.75
3.00 5567.62
3.00 936.14
3.00 7871.79
2.00 3298.42
1.00 864.19
1.00 654.31
2.00 25535.77
0.00 570.61
3.00 19025.39
4.00 2819.71
0.00 10387.65
2.00 9637.69
3.00 4567.78
1.00 813.69
3.00 3761.43
1.00 1926.86
3.00 10191.89
3.00 12677.06
1.00 717.64
2.00 16708.83
1.00 13243.08
1.00 7354.93
2.00 4776.17
2.00 3763.51
3.00 20723.90
0.00 16578.64
2.00 6367.99
2.00 567.89
0.00 987.88
2.00 915.75
2.00 236.40
1.00 1330.52
2.00 5977.72
2.00 390.19
3.00 7174.33
2.00 24500.00
1.00 658.66
3.00 631.35
18.00 731.97
3.00 8936.79
2.00 5881.29
4.00 11093.25
2.00 9690.38
2.00 7173.44
3.00 7969.80
1.00 20455.03
2.00 25442.81
16.00 15834.14
10.00 10411.77
2.00 8194.80
3.00 875.59
3.00 27354.29
1.00 7348.61
0.00 654.05
1.00 541.25
7.00 3213.94
2.00 1961.15
3.00 16567.08
2.00 19576.18
2.00 7843.15
14.00 1030.81
2.00 9674.03
12.00 5975.82
0.00 538.96
2.00 1062.24
2.00 7726.86
7.00 820.55
1.00 9176.97
1.00 5487.77
0.00 476.16
2.00 1284.58
1.00 828.62
2.00 1005.19
3.00 1095.59
0.00 619.30
1.00 17563.64
3.00 3037.97
1.00 624.58
2.00 4472.89
2.00 21932.37
1.00 7767.46
2.00 8366.93
3.00 2646.24
2.00 9472.54
14.00 4308.97
1.00 2552.97
1.00 1064.19
0.00 891.82
3.00 7381.44
2.00 8111.87
2.00 9261.26
1.00 887.29
2.00 623.67
3.00 3302.41
3.00 9173.55
3.00 3216.47
3.00 32251.93
1.00 8549.69
2.00 7341.14
0.00 716.18
0.00 727.27
3.00 8329.49
3.00 668.46
3.00 6419.93
1.00 10809.24
2.00 8124.12
0.00 584.37
1.00 19790.71
1.00 926.89
0.00 676.17
20.00 1341.22
1.00 11175.31
3.00 84.46
3.00 10235.26
2.00 5073.70
1.00 9825.56
3.00 5743.04
3.00 3339.90
4.00 -100.80
2.00 9321.38
3.00 7343.10
2.00 690.69
1.00 21567.59
0.00 23238.91
3.00 882.38
2.00 3687.19
1.00 8539.30
1.00 768.41
1.00 989.52
2.00 8894.33
1.00 5269.77
1.00 285.20
2.00 9893.47
1.00 796.31
3.00 8000.07
8.00 300.75
3.00 1521.45
2.00 883.57
1.00 877.60
1.00 5434.39
3.00 7146.73
4.00 5046.27
5.00 13390.52
2.00 17191.52
1.00 621.79
1.00 1953.92
2.00 20296.30
3.00 19275.68
2.00 974.91
4.00 4696.48
1.00 1281.17
2.00 4972.03
0.00 1482.54
2.00 3351.08
10.00 827.76
1.00 9885.62
3.00 5353.32
1.00 1056.82
3.00 440.52
1.00 797.28
2.00 6838.92
2.00 20822.56
18.00 19633.54
2.00 9004.99
2.00 6749.61
2.00 1816.80
4.00 652.05
5.00 655.72
0.00 1094.17
4.00 29011.90
0.00 511.28
3.00 9785.62
3.00 6214.85
2.00 7183.11
3.00 9735.03
3.00 6382.72
2.00 725.71
1.00 1435.99
7.00 26444.16
1.00 779.04
1.00 6222.85
2.00 9532.24
3.00 6237.85
2.00 3795.43
13.00 11899.59
3.00 9060.74
1.00 755.13
2.00 9272.76
3.00 8198.51
1.00 617.01
3.00 9231.11
2.00 7744.31
0.00 11299.68
3.00 6520.37
2.00 23998.69
2.00 9819.03
3.00 8847.76
2.00 24202.01
2.00 6395.14
1.00 9572.26
3.00 7381.07
21.00 -577.93
2.00 324.16
1.00 9238.59
1.00 19677.11
2.00 289.73
3.00 265.01
2.00 374.78
2.00 8899.00
2.00 123.51
0.00 637.88
4.00 27337.56
2.00 5839.17
1.00 1104.11
1.00 7211.33
1.00 9015.91
1.00 9360.92
3.00 2445.59
3.00 1013.38
1.00 5300.90
2.00 8721.12
2.00 521.62
3.00 6632.42
1.00 5614.51
8.00 14988.97
1.00 569.17
3.00 9949.77
10.00 4677.08
0.00 317.29
2.00 6757.91
0.00 9827.47
0.00 660.11
3.00 7101.55
3.00 5457.86
2.00 7539.41
1.00 28077.33
3.00 5552.01
1.00 17199.61
3.00 1508.67
2.00 723.26
0.00 513.09
1.00 767.07
2.00 24969.23
2.00 19681.53
2.00 2542.94
0.00 741.49
1.00 10067.57
7.00 14664.57
1.00 10463.96
1.00 23957.69
2.00 21484.94
2.00 1704.94
2.00 7601.34
2.00 1375.13
0.00 519.47
1.00 791.61
2.00 9001.72
1.00 22531.52
1.00 796.54
2.00 271.56
6.00 11855.16
3.00 5266.71
2.00 2435.81
3.00 9393.83
1.00 5092.12
5.00 551.19
1.00 174.48
0.00 10894.58
16.00 1101.10
1.00 10377.53
1.00 16142.14
0.00 1792.68
10.00 1029.20
3.00 3036.14
1.00 8722.64
0.00 20533.47
0.00 585.75
3.00 5589.33
2.00 7520.39
3.00 8612.10
2.00 3391.18
4.00 7919.64
1.00 737.48
1.00 10789.12
0.00 728.27
2.00 1109.51
2.00 11575.01
3.00 8986.42
2.00 10536.50
1.00 20202.07
1.00 12738.47
1.00 19128.27
3.00 872.33
3.00 8610.66
0.00 9848.36
3.00 7299.23
0.00 11508.31
1.00 922.27
5.00 6054.33
1.00 6945.63
3.00 3756.26
2.00 9540.03
0.00 505.77
0.00 668.29
2.00 13660.27
2.00 23084.48
8.00 947.40
2.00 5818.20
2.00 -32.85
3.00 31133.31
3.00 5341.47
2.00 639.08
1.00 4460.91
3.00 33013.84
2.00 9526.52
4.00 296.99
0.00 490.57
2.00 8566.65
1.00 7746.47
4.00 25.48
0.00 1651.07
0.00 17187.59
1.00 816.31
3.00 25661.55
2.00 17836.24
1.00 24731.11
7.00 840.20
1.00 7312.33
0.00 273.85
2.00 25342.34
0.00 746.97
1.00 951.42
3.00 10388.00
3.00 10673.35
0.00 6025.69
1.00 8207.01
2.00 699.97
4.00 4714.24
1.00 4041.59
2.00 12272.28
0.00 876.97
7.00 -10.75
3.00 577.21
2.00 7193.71
4.00 956.68
4.00 9171.70
0.00 478.12
6.00 7892.56
5.00 289.63
4.00 508.81
1.00 10196.04
3.00 442.87
2.00 7431.70
2.00 1085.22
2.00 5008.35
0.00 634.28
2.00 1980.88
2.00 7008.07
3.00 20155.16
1.00 7875.61
30.00 -3583.53
1.00 747.09
2.00 1139.44
0.00 9485.44
3.00 664.30
14.00 18186.59
7.00 225.67
2.00 24040.83
2.00 9080.97
0.00 6270.99
3.00 6164.55
1.00 8062.07
2.00 549.85
1.00 10887.66
2.00 5278.31
0.00 9505.78
0.00 45.06
2.00 19607.88
1.00 4405.78
2.00 286.90
0.00 9392.05
4.00 669.95
3.00 6563.99
2.00 7823.61
0.00 381.15
3.00 1120.65
5.00 11768.27
2.00 2691.94
2.00 20078.45
8.00 291.63
10.00 445.91
2.00 611.19
0.00 446.51
1.00 408.59
3.00 5955.06
1.00 1176.80
3.00 8228.36
4.00 8375.91
3.00 8383.71
1.00 10933.69
0.00 932.68
3.00 6608.92
5.00 14691.74
1.00 1896.91
2.00 5975.74
12.00 15528.36
4.00 10025.40
4.00 -33.29
2.00 7029.96
3.00 2297.39
2.00 5136.93
4.00 280.33
3.00 23526.95
4.00 387.63
13.00 865.73
2.00 9104.66
6.00 1428.61
1.00 8019.30
0.00 545.76
9.00 537.92
3.00 6069.97
0.00 872.87
3.00 623.01
3.00 4621.02
2.00 4723.55
1.00 3672.58
3.00 279.70
1.00 11581.23
3.00 8017.02
3.00 600.16
0.00 686.43
2.00 10253.63
2.00 865.29
1.00 13404.31
3.00 8548.11
2.00 2542.62
1.00 534.47
1.00 746.54
2.00 70.50
2.00 6505.55
2.00 7638.44
0.00 2255.47
4.00 4633.20
2.00 718.24
1.00 9944.22
3.00 7827.32
0.00 365.40
3.00 7786.64
2.00 325.88
3.00 1886.61
1.00 9252.48
2.00 9841.41
1.00 7652.22
1.00 7037.24
2.00 835.66
2.00 8734.90
7.00 965.66
0.00 160.01
3.00 6370.52
3.00 1717.71
2.00 1202.36
1.00 5169.64
14.00 1105.56
3.00 9343.09
1.00 8235.89
3.00 1047.27
0.00 750.01
0.00 610.54
14.00 14271.61
2.00 25854.78
2.00 11978.92
4.00 152.27
5.00 306.98
3.00 783.33
3.00 205.76
3.00 6525.69
3.00 7497.12
1.00 10763.44
1.00 7235.86
1.00 954.32
2.00 378.61
2.00 11577.26
1.00 897.62
10.00 15675.12
0.00 634.77
2.00 18611.30
2.00 1759.12
1.00 4498.46
4.00 561.86
4.00 8600.91
1.00 716.54
3.00 389.30
1.00 814.52
4.00 6881.48
3.00 18488.81
1.00 6591.94
1.00 809.51
3.00 9307.09
1.00 8286.92
2.00 21062.70
2.00 21132.41
2.00 278.08
3.00 5607.75
2.00 816.52
1.00 727.34
0.00 19320.77
12.00 1213.89
1.00 879.49
3.00 5263.83
18.00 2087.45
3.00 5513.43
3.00 986.59
2.00 109.54
3.00 10884.30
0.00 1353.97
1.00 11015.29
3.00 161.67
3.00 9190.80
2.00 8595.07
3.00 6038.98
1.00 534.33
3.00 8640.08
1.00 5121.16
3.00 7679.85
2.00 833.25
1.00 12683.11
2.00 13258.69
2.00 6746.28
3.00 7431.37
3.00 537.53
2.00 643.94
0.00 236.02
1.00 19557.67
4.00 5006.47
0.00 8500.60
3.00 167.21
2.00 661.33
0.00 700.98
3.00 6208.17
5.00 163.30
3.00 125.97
2.00 7186.53
2.00 9082.20
1.00 11890.28
2.00 1132.32
1.00 7357.32
3.00 1095.33
3.00 7783.65
3.00 4899.13
3.00 1839.16
2.00 20951.66
1.00 4990.75
2.00 7118.76
2.00 4446.21
3.00 8000.11
4.00 15428.46
1.00 805.24
2.00 10602.57
0.00 6612.34
0.00 705.14
3.00 13150.22
3.00 3092.77
1.00 4980.46
3.00 7191.16
2.00 20003.92
2.00 2145.67
4.00 19686.17
2.00 24225.11
4.00 2179.59
1.00 8231.81
2.00 6681.27
0.00 16104.51
12.00 3989.43
3.00 -3.19
3.00 10693.29
2.00 9118.38
2.00 2922.21
3.00 7119.58
2.00 493.02
3.00 30223.06
1.00 10868.89
1.00 1424.23
2.00 3648.32
3.00 32317.87
2.00 7157.72
1.00 4834.73
0.00 820.22
1.00 1000.47
2.00 8286.85
2.00 2973.54
3.00 6004.68
2.00 31.31
14.00 1379.05
4.00 -217.44
3.00 327.52
5.00 1814.77
1.00 1499.03
1.00 4694.36
0.00 587.14
0.00 9529.55
2.00 6673.93
0.00 696.53
3.00 5965.73
3.00 8527.26
3.00 6692.21
1.00 1015.18
0.00 642.09
1.00 560.73
0.00 759.78
2.00 4968.12
0.00 15364.83
1.00 1219.56
1.00 2487.93
2.00 9270.26
2.00 6197.38
1.00 829.33
3.00 8303.65
2.00 23286.25
2.00 449.72
2.00 5913.48
3.00 1533.84
2.00 22620.26
1.00 19464.65
3.00 5438.49
7.00 16036.17
1.00 10766.86
3.00 832.41
3.00 3400.82
6.00 648.92
4.00 32136.17
0.00 632.95
0.00 781.44
0.00 592.52
3.00 997.30
1.00 944.36
0.00 647.89
2.00 6347.91
2.00 5672.17
3.00 13593.23
1.00 602.54
2.00 3814.56
1.00 21071.73
3.00 8285.12
2.00 6972.87
1.00 1029.46
3.00 7709.33
1.00 1665.89
3.00 6124.41
3.00 3123.03
2.00 17166.45
2.00 647.01
3.00 5159.53
0.00 542.27
0.00 1455.95
3.00 7080.94
2.00 1112.92
1.00 588.54
2.00 1666.19
7.00 1093.84
2.00 702.72
1.00 15734.03
2.00 13665.53
0.00 781.53
0.00 9965.09
13.00 1003.23
0.00 884.12
5.00 17284.06
6.00 164.75
2.00 8062.71
5.00 12401.08
3.00 23777.40
1.00 748.97
1.00 12086.60
0.00 12395.75
5.00 9250.15
0.00 791.37
1.00 742.79
12.00 15321.02
4.00 10042.80
3.00 884.46
0.00 3978.48
2.00 9175.50
2.00 22854.20
3.00 3590.72
0.00 1413.33
2.00 981.47
3.00 19333.04
1.00 10733.40
17.00 214.10
2.00 19654.85
1.00 5762.92
2.00 937.30
3.00 426.49
2.00 2830.55
0.00 16189.46
7.00 -194.59
0.00 14102.35
1.00 11004.40
3.00 1285.84
2.00 1002.56
2.00 28249.39
1.00 5332.28
3.00 25654.39
1.00 9226.86
4.00 2707.94
5.00 845.94
3.00 9008.96
2.00 24195.64
2.00 2829.86
1.00 310.34
3.00 8596.56
0.00 546.52
4.00 8270.21
1.00 9613.78
1.00 6449.13
2.00 5349.12
1.00 701.11
2.00 14424.66
0.00 797.59
2.00 5032.31
2.00 2250.38
1.00 57.21
2.00 707.85
11.00 391.84
2.00 5138.15
10.00 1111.54
1.00 607.86
2.00 13327.90
1.00 693.88
0.00 622.27
2.00 6616.71
6.00 15385.77
3.00 5355.92
1.00 13247.22
1.00 16548.92
3.00 3828.99
4.00 -337.41
1.00 711.18
3.00 8773.12
5.00 17550.48
0.00 712.73
3.00 9549.73
2.00 8976.72
14.00 1321.22
1.00 9285.30
0.00 583.12
1.00 1139.14
3.00 1242.35
1.00 4645.61
4.00 8385.47
1.00 2434.83
1.00 437.76
3.00 261.00
3.00 6859.61
1.00 28235.33
2.00 1566.79
1.00 565.29
1.00 12051.23
1.00 907.85
2.00 689.32
2.00 330.69
1.00 1624.50
0.00 10032.90
3.00 370.88
2.00 478.07
3.00 6558.89
3.00 1265.05
2.00 22910.33
2.00 22902.29
2.00 9783.04
4.00 3804.81
2.00 1486.03
7.00 16232.67
0.00 209.18
4.00 771.93
1.00 10560.43
1.00 7469.99
2.00 18541.24
3.00 8048.79
9.00 917.40
2.00 6982.51
2.00 884.55
5.00 5200.68
1.00 495.74
7.00 16365.41
11.00 10196.38
3.00 10027.61
2.00 10853.82
0.00 621.35
3.00 421.08
0.00 9639.26
1.00 102.28
3.00 20224.90
1.00 785.99
1.00 5397.51
2.00 816.97
3.00 -26.13
2.00 25898.90
3.00 10250.17
2.00 7037.91
2.00 2902.24
3.00 9512.81
0.00 266.51
9.00 1089.50
3.00 4858.14
2.00 24454.04
2.00 7257.45
3.00 6025.02
0.00 21387.55
2.00 20678.02
2.00 951.55
1.00 738.83
1.00 10456.20
1.00 732.62
18.00 12287.52
0.00 769.14
4.00 40.76
2.00 8776.00
1.00 8171.97
3.00 2411.11
2.00 695.62
4.00 507.02
2.00 427.83
2.00 325.97
1.00 4447.91
1.00 707.40
1.00 9143.43
6.00 347.88
3.00 7697.24
1.00 11845.25
2.00 10440.80
3.00 5463.78
2.00 8198.57
3.00 8230.48
0.00 560.28
2.00 4109.00
2.00 5847.55
1.00 358.90
0.00 452.59
1.00 10373.90
2.00 3126.65
1.00 302.38
1.00 9350.60
1.00 660.30
1.00 8302.49
3.00 2092.20
3.00 9234.47
19.00 64.79
1.00 12491.99
1.00 10483.48
0.00 741.50
0.00 550.98
3.00 371.49
2.00 24843.37
1.00 4449.70
1.00 9497.16
2.00 19390.49
3.00 3246.68
8.00 500.85
1.00 686.25
1.00 680.78
2.00 10764.60
2.00 681.00
3.00 6600.85
14.00 12473.44
0.00 938.34
3.00 1074.53
3.00 5496.84
1.00 1639.93
9.00 126.23
0.00 4048.05
0.00 9221.86
0.00 481.46
3.00 1777.79
1.00 26023.96
2.00 6450.64
2.00 644.58
2.00 7297.88
3.00 6263.67
0.00 23871.81
3.00 5761.49
1.00 833.25
2.00 -52.94
2.00 3394.08
1.00 5591.17
2.00 870.42
1.00 9750.85
1.00 947.18
0.00 19372.18
1.00 10091.60
3.00 327.11
1.00 649.65
1.00 10934.61
1.00 1483.51
1.00 1025.63
1.00 23999.81
3.00 8069.82
3.00 1222.09
3.00 9875.47
8.00 533.83
2.00 9803.77
3.00 5861.66
2.00 4296.68
1.00 22740.61
1.00 9495.44
2.00 20624.54
2.00 6590.56
16.00 1221.15
1.00 6573.80
3.00 1205.76
3.00 6296.08
0.00 654.56
11.00 1759.06
4.00 8934.79
2.00 16436.33
3.00 9834.60
0.00 1507.83
2.00 20556.90
9.00 15203.78
0.00 2304.11
0.00 613.86
1.00 11037.13
1.00 1025.04
2.00 8212.27
3.00 25515.85
2.00 3865.56
1.00 934.82
0.00 10917.82
1.00 7551.42
2.00 3620.82
3.00 6773.10
3.00 8216.37
1.00 23419.87
4.00 6148.90
1.00 2135.03
1.00 7242.30
3.00 2735.91
1.00 649.03
0.00 22570.19
0.00 17388.90
2.00 14367.33
6.00 7347.24
2.00 8904.13
2.00 730.20
3.00 598.58
3.00 8098.81
3.00 15059.86
2.00 6207.62
2.00 9058.18
4.00 1849.64
2.00 6763.77
3.00 9274.54
0.00 908.56
0.00 674.01
1.00 640.48
2.00 27756.83
1.00 9667.62
3.00 6643.63
2.00 22197.23
2.00 9442.53
3.00 30318.37
1.00 18890.96
12.00 18720.85
3.00 -306.23
1.00 4906.00
3.00 10434.87
0.00 16693.85
5.00 396.58
2.00 1140.06
0.00 620.31
3.00 4815.81
3.00 14039.35
0.00 422.28
3.00 6785.22
3.00 8413.34
3.00 3215.08
2.00 7572.00
2.00 691.52
2.00 4158.24
4.00 16494.51
1.00 492.89
1.00 1000.06
1.00 5946.86
11.00 16810.21
2.00 8574.39
2.00 6690.59
12.00 14136.38
1.00 17015.40
8.00 19452.49
2.00 6003.69
3.00 3989.34
2.00 10984.60
0.00 20415.55
12.00 1266.95
1.00 10484.13
2.00 502.54
1.00 1103.73
14.00 701.31
1.00 9232.41
3.00 5395.22
2.00 7533.06
2.00 10532.22
1.00 20627.94
1.00 674.45
2.00 667.76
2.00 7007.49
4.00 6548.64
0.00 21178.38
1.00 854.40
3.00 8593.99
2.00 3928.67
14.00 4883.33
2.00 19967.23
1.00 661.36
8.00 8638.53
3.00 10125.40
0.00 485.26
0.00 524.04
1.00 8272.57
2.00 282.04
2.00 836.49
1.00 944.75
13.00 1942.01
3.00 11515.05
12.00 19145.29
0.00 808.10
2.00 24086.04
3.00 2866.09
3.00 10191.28
2.00 6067.02
2.00 856.83
1.00 594.49
3.00 2136.82
0.00 655.49
2.00 6998.40
11.00 11552.68
2.00 594.54
3.00 980.29
1.00 9131.03
3.00 233.57
1.00 9366.85
1.00 26292.82
6.00 9125.95
2.00 2886.44
11.00 935.57
1.00 9826.10
2.00 28866.97
1.00 11870.92
3.00 4925.92
0.00 415.68
6.00 26209.76
1.00 712.18
12.00 17224.85
2.00 911.85
2.00 931.97
1.00 135.93
1.00 960.50
0.00 510.02
0.00 346.47
2.00 23516.75
1.00 13761.40
14.00 3212.03
21.00 -1006.58
0.00 244.83
12.00 993.92
1.00 658.43
1.00 525.45
2.00 7036.78
2.00 7320.55
2.00 863.50
0.00 752.80
0.00 528.80
1.00 4271.21
2.00 251.23
1.00 9178.94
3.00 6908.62
3.00 22874.87
1.00 2468.70
2.00 21997.71
2.00 10382.04
2.00 8598.17
11.00 1220.46
2.00 16719.20
0.00 676.26
3.00 1103.51
1.00 1082.75
3.00 7696.33
1.00 683.11
16.00 1266.68
12.00 9661.28
1.00 8697.47
0.00 4061.78
3.00 1994.29
3.00 23730.00
2.00 9183.42
0.00 654.49
3.00 3654.21
0.00 384.40
12.00 1060.17
9.00 17646.48
1.00 9548.68
2.00 4642.11
5.00 -501.33
1.00 2225.83
3.00 512.85
4.00 3553.86
1.00 6532.83
2.00 599.81
3.00 3918.51
1.00 647.15
13.00 2020.05
7.00 12797.13
4.00 7053.49
2.00 9672.82
0.00 956.62
3.00 6358.22
3.00 27172.93
2.00 1542.34
0.00 819.52
27.00 -3185.23
2.00 9345.50
2.00 1064.47
3.00 801.79
7.00 2487.71
1.00 4660.83
1.00 8330.09
11.00 634.09
6.00 13116.81
2.00 2696.78
2.00 7204.57
3.00 2859.92
2.00 876.67
0.00 2761.15
2.00 1622.98
2.00 1110.52
6.00 482.29
2.00 387.62
3.00 720.64
2.00 5696.64
1.00 19835.80
0.00 616.02
2.00 6434.40
1.00 5348.95
2.00 3445.88
2.00 8593.56
0.00 817.03
2.00 485.21
3.00 540.47
1.00 21092.11
10.00 1468.16
6.00 17778.67
5.00 212.49
0.00 718.66
0.00 672.66
2.00 25035.71
3.00 4649.10
0.00 608.39
2.00 5959.50
1.00 26573.46
2.00 9679.49
2.00 19945.76
2.00 7217.68
0.00 19778.19
1.00 1044.85
17.00 266.26
1.00 21850.14
3.00 9346.53
3.00 8134.09
2.00 810.85
2.00 24871.83
7.00 12673.79
1.00 896.72
0.00 885.28
1.00 2053.23
1.00 893.67
3.00 640.92
3.00 563.20
3.00 4861.26
1.00 1265.13
0.00 828.53
3.00 1490.59
13.00 926.81
3.00 1296.86
0.00 614.68
3.00 831.23
15.00 461.00
8.00 15128.67
3.00 7951.06
2.00 20810.21
9.00 12855.53
1.00 6339.65
3.00 367.77
1.00 847.90
1.00 2261.01
0.00 576.64
2.00 318.14
1.00 13452.97
9.00 759.39
0.00 634.63
2.00 13076.32
0.00 22208.90
3.00 5009.64
2.00 11390.04
3.00 5690.54
1.00 859.50
1.00 695.31
2.00 410.79
2.00 282.59
3.00 8366.39
1.00 9598.77
0.00 501.83
2.00 4370.98
3.00 2730.54
2.00 8803.57
2.00 8164.38
4.00 7980.65
0.00 10621.93
2.00 26255.06
1.00 1149.20
1.00 172.37
3.00 7020.98
0.00 483.88
2.00 8050.45
1.00 10367.62
1.00 11358.19
10.00 1711.64
1.00 1374.62
1.00 15944.08
3.00 7637.30
2.00 1305.29
3.00 2707.35
0.00 1251.62
1.00 758.46
2.00 7031.14
3.00 8496.87
3.00 9052.18
3.00 17742.39
0.00 20323.89
2.00 819.94
2.00 4400.79
1.00 6826.16
8.00 10887.65
2.00 8155.03
3.00 6251.78
3.00 5824.31
4.00 246.98
1.00 4264.86
2.00 28561.36
2.00 11128.73
0.00 448.22
1.00 1109.10
3.00 10626.71
3.00 6337.58
1.00 13507.99
1.00 6601.75
3.00 10983.06
3.00 557.60
5.00 12364.77
2.00 23588.03
0.00 606.55
12.00 5923.14
2.00 624.89
0.00 605.79
3.00 9035.72
2.00 353.46
1.00 286.58
0.00 725.04
0.00 574.85
1.00 10080.27
7.00 14833.05
2.00 5676.42
1.00 803.57
2.00 6740.93
5.00 21356.49
1.00 277.72
3.00 30838.45
2.00 3642.81
2.00 1826.37
2.00 10201.27
1.00 19019.62
3.00 817.35
0.00 10204.76
4.00 65.99
0.00 310.22
0.00 459.32
2.00 839.94
1.00 12294.20
1.00 6222.71
1.00 7536.58
1.00 6933.36
1.00 5653.30
2.00 34.46
5.00 15123.38
3.00 216.92
4.00 2587.99
4.00 8242.03
1.00 19720.88
1.00 5440.33
0.00 1603.28
1.00 9812.80
3.00 904.87
1.00 903.50
1.00 919.46
2.00 3675.41
1.00 585.98
1.00 889.11
1.00 11307.90
1.00 715.44
3.00 5603.06
1.00 738.45
0.00 1208.82
3.00 3979.44
1.00 8313.77
3.00 477.09
1.00 977.78
2.00 7191.75
3.00 29343.24
4.00 -202.26
2.00 1293.41
4.00 7846.95
1.00 1712.39
2.00 10284.70
3.00 6878.44
1.00 9374.02
8.00 13179.53
2.00 2796.01
3.00 24958.75
0.00 774.40
3.00 6689.04
1.00 7471.26
8.00 269.50
3.00 691.27
7.00 3627.75
2.00 9286.13
3.00 6504.96
1.00 8767.96
0.00 466.53
3.00 4981.49
1.00 881.99
2.00 6041.46
0.00 965.53
2.00 1085.32
2.00 5335.82
2.00 560.23
3.00 34957.65
0.00 535.84
3.00 6176.76
3.00 10810.54
5.00 2265.37
1.00 674.32
4.00 7292.09
2.00 11014.39
2.00 1419.33
2.00 1458.75
1.00 9484.03
2.00 24453.11
3.00 8088.32
2.00 5737.75
3.00 808.00
15.00 1990.23
7.00 498.45
1.00 9632.72
1.00 8256.34
2.00 9609.86
3.00 4470.54
2.00 9133.62
0.00 646.21
2.00 8018.76
2.00 6338.92
2.00 3985.55
3.00 26035.66
1.00 6726.75
3.00 6454.80
2.00 923.03
1.00 6989.15
0.00 839.25
4.00 1570.41
1.00 23217.95
1.00 788.24
4.00 428.03
1.00 3328.76
12.00 1540.90
0.00 11334.75
1.00 10032.54
0.00 500.41
13.00 1155.24
26.00 1966.01
1.00 1017.69
2.00 6029.27
0.00 1344.30
1.00 9455.92
3.00 3102.23
1.00 3281.59
1.00 8760.30
3.00 4936.49
2.00 17259.31
3.00 7627.06
3.00 13124.72
14.00 908.26
4.00 6666.18
3.00 368.26
1.00 893.14
2.00 686.10
1.00 7013.68
3.00 8888.17
4.00 1996.87
6.00 -115.28
1.00 526.16
6.00 574.25
3.00 7713.05
3.00 842.03
0.00 17485.14
1.00 710.33
3.00 6590.28
4.00 6879.44
3.00 6762.81
3.00 623.97
2.00 26382.20
2.00 746.91
3.00 779.98
3.00 8692.88
0.00 632.79
3.00 7187.00
1.00 808.91
4.00 414.24
3.00 6401.24
2.00 3809.62
1.00 9729.06
0.00 589.64
2.00 4439.27
4.00 7611.21
1.00 9880.90
3.00 30625.90
3.00 3724.60
0.00 2155.09
2.00 -116.28
1.00 20400.55
1.00 1138.43
1.00 540.15
3.00 495.82
2.00 589.80
1.00 5500.81
0.00 19472.93
3.00 8508.05
3.00 5187.61
8.00 -245.23
0.00 383.64
2.00 70.66
2.00 1384.23
4.00 490.15
0.00 2244.04
3.00 9935.19
1.00 741.01
1.00 9259.11
1.00 1002.23
1.00 9907.81
0.00 9786.97
1.00 875.08
1.00 344.00
2.00 8981.44
3.00 1093.54
3.00 4650.19
1.00 5853.42
1.00 1214.16
2.00 3972.53
3.00 148.32
3.00 4246.04
2.00 4442.93
1.00 823.46
2.00 2575.73
3.00 116.17
0.00 16763.54
2.00 22478.18
2.00 9570.88
0.00 891.35
15.00 875.29
3.00 1333.21
3.00 13119.08
1.00 1554.92
3.00 4681.00
3.00 17606.67
3.00 297.56
3.00 5130.50
2.00 9379.73
15.00 17533.68
4.00 6737.99
2.00 8252.68
2.00 4178.08
1.00 1368.53
2.00 1167.09
2.00 15069.55
1.00 997.92
9.00 1087.12
3.00 7575.19
2.00 6481.51
2.00 1060.20
1.00 8462.49
3.00 27103.59
1.00 8965.55
3.00 607.74
2.00 535.86
1.00 825.98
0.00 10272.59
1.00 11758.14
1.00 11842.40
2.00 5977.73
2.00 1071.35
1.00 1009.70
1.00 790.87
2.00 22634.82
11.00 743.47
3.00 18828.28
2.00 8979.52
2.00 1792.44
3.00 9710.08
2.00 408.05
0.00 9115.52
1.00 929.20
0.00 589.04
3.00 6460.65
1.00 820.03
0.00 867.02
1.00 8371.16
2.00 790.91
5.00 594.98
3.00 19018.45
0.00 24013.08
1.00 715.69
1.00 11647.54
4.00 8125.29
3.00 8158.94
2.00 14647.01
3.00 6226.55
2.00 28777.67
1.00 637.77
3.00 6074.12
2.00 1724.66
1.00 776.60
0.00 992.07
2.00 1122.66
1.00 10132.80
1.00 631.18
2.00 654.94
3.00 9128.36
2.00 781.33
2.00 10016.28
3.00 9771.68
5.00 21797.18
3.00 3496.24
1.00 915.95
3.00 6475.90
0.00 720.58
1.00 9453.25
1.00 11706.63
1.00 582.45
4.00 18743.38
0.00 454.16
3.00 6831.44
2.00 9802.54
0.00 655.78
2.00 3309.39
4.00 8134.00
2.00 267.14
1.00 457.01
1.00 4786.22
2.00 5913.94
2.00 716.76
12.00 12716.34
1.00 10714.11
0.00 780.58
0.00 722.10
2.00 5397.22
3.00 6346.33
2.00 10368.24
11.00 1164.51
5.00 1217.46
0.00 371.24
4.00 176.21
3.00 5170.56
3.00 2474.75
2.00 10076.65
3.00 10084.72
1.00 657.18
1.00 9217.98
1.00 704.10
2.00 9036.56
2.00 11032.44
1.00 861.09
2.00 6297.82
2.00 2612.57
2.00 619.63
29.00 1134.15
3.00 24029.97
1.00 95.02
1.00 12080.41
0.00 896.66
0.00 10820.20
3.00 31291.29
7.00 7737.28
9.00 17373.91
2.00 16450.73
0.00 576.71
2.00 28793.03
2.00 10627.09
4.00 7977.41
1.00 5120.72
2.00 19450.09
3.00 2682.51
1.00 368.02
1.00 6761.27
1.00 851.80
7.00 144.80
3.00 2046.76
2.00 10187.13
7.00 81.48
2.00 5444.75
2.00 7718.41
3.00 27030.75
2.00 1516.91
3.00 7380.63
2.00 1621.88
3.00 5248.59
1.00 1577.55
1.00 4170.94
1.00 6155.23
14.00 1251.21
0.00 23931.89
1.00 892.51
3.00 6183.07
1.00 8211.22
3.00 8020.66
2.00 556.43
1.00 7072.53
10.00 478.45
12.00 1106.33
3.00 6233.06
1.00 2902.33
1.00 5255.42
3.00 8075.63
2.00 626.80
3.00 209.76
3.00 201.41
1.00 8619.04
2.00 7035.80
3.00 5706.41
2.00 8624.03
1.00 21821.42
3.00 3891.29
3.00 6083.71
3.00 5713.80
2.00 10974.53
3.00 1190.32
1.00 12345.49
2.00 638.89
1.00 9416.27
4.00 116.05
0.00 504.10
1.00 18353.06
2.00 953.28
0.00 705.97
2.00 9845.54
0.00 674.88
4.00 7553.47
3.00 7861.35
1.00 8763.57
0.00 837.47
3.00 518.42
0.00 611.84
3.00 5978.59
3.00 29635.32
2.00 25287.92
1.00 6684.25
0.00 11429.05
3.00 31619.28
3.00 7857.76
1.00 1665.27
6.00 15374.52
1.00 660.04
3.00 28132.94
2.00 27029.46
0.00 9832.31
1.00 5379.07
2.00 903.00
2.00 10065.28
3.00 9978.28
3.00 269.82
2.00 4335.57
2.00 6631.33
4.00 1891.83
8.00 2369.97
3.00 9387.27
0.00 18026.20
1.00 592.25
0.00 935.76
2.00 9610.12
3.00 8520.76
1.00 8819.70
2.00 9976.12
2.00 3790.87
1.00 9839.70
3.00 1419.45
1.00 23005.94
3.00 8201.66
2.00 3783.46
1.00 611.35
2.00 9536.17
13.00 15216.51
1.00 702.02
1.00 10392.88
1.00 1014.84
6.00 -114.24
1.00 675.30
3.00 255.95
0.00 625.81
1.00 511.58
1.00 909.49
1.00 964.96
1.00 6932.16
5.00 22639.94
1.00 9749.32
1.00 624.82
3.00 8691.27
2.00 1247.60
1.00 1146.96
3.00 18489.05
2.00 6312.56
0.00 548.80
1.00 9221.17
2.00 425.28
3.00 727.98
3.00 5454.60
3.00 22103.18
1.00 9239.57
3.00 2045.59
7.00 14283.44
1.00 5970.31
0.00 624.13
1.00 838.43
1.00 905.77
2.00 15804.83
3.00 11154.18
3.00 33251.80
2.00 579.76
3.00 2421.23
2.00 3791.58
3.00 8119.96
4.00 1203.57
2.00 7172.69
3.00 5839.78
3.00 6213.52
1.00 621.00
1.00 782.25
2.00 698.85
1.00 4451.95
3.00 8022.85
9.00 6482.96
1.00 879.80
2.00 277.42
4.00 431.56
1.00 9480.82
0.00 4251.06
1.00 5844.74
0.00 309.80
2.00 3049.88
1.00 10123.24
1.00 6329.22
2.00 14139.39
1.00 6962.12
3.00 8474.04
3.00 627.24
1.00 6475.80
1.00 6829.20
13.00 1464.12
3.00 9412.95
2.00 610.50
2.00 7734.75
2.00 6787.18
3.00 1909.93
1.00 4333.81
4.00 8147.61
3.00 32614.02
5.00 -229.76
2.00 277.17
3.00 11498.09
2.00 5543.67
4.00 596.77
2.00 190.14
2.00 6282.46
2.00 3797.90
2.00 2525.71
2.00 797.65
7.00 -326.72
4.00 6105.38
1.00 23076.15
9.00 1081.50
3.00 8710.17
2.00 760.03
3.00 5865.73
3.00 652.61
3.00 9832.04
5.00 5352.89
1.00 13267.31
2.00 21629.29
2.00 1709.67
2.00 16459.72
4.00 1006.89
1.00 8378.40
2.00 927.56
1.00 387.03
4.00 -69.20
2.00 1562.94
0.00 10144.94
3.00 217.37
2.00 2118.71
2.00 7644.80
3.00 8110.16
1.00 3011.79
2.00 6333.01
2.00 9291.34
3.00 8348.70
3.00 1321.54
1.00 9832.20
3.00 4363.36
1.00 7095.47
10.00 1122.38
1.00 1603.45
1.00 8463.89
8.00 16807.17
19.00 1868.31
3.00 4983.88
2.00 2248.43
2.00 17347.67
4.00 10525.17
2.00 20495.88
2.00 4782.21
3.00 28900.25
2.00 8795.23
1.00 8408.99
1.00 20999.67
2.00 3136.17
2.00 1200.54
3.00 6680.24
2.00 198.96
2.00 6517.22
1.00 6831.96
3.00 1539.98
1.00 592.77
2.00 25904.68
2.00 3472.44
1.00 6559.30
0.00 7491.24
1.00 1775.83
1.00 10105.60
1.00 1755.19
1.00 25525.93
2.00 8957.52
3.00 4031.01
2.00 18050.29
1.00 801.34
11.00 1553.12
1.00 792.68
1.00 4958.45
0.00 5478.98
1.00 13987.29
12.00 563.80
3.00 9944.60
2.00 7055.02
2.00 12051.49
3.00 562.74
2.00 11303.09
3.00 11657.46
2.00 327.99
1.00 2207.16
0.00 2154.57
1.00 11243.55
14.00 1604.44
2.00 25273.20
2.00 17275.71
1.00 1057.89
5.00 287.24
2.00 9053.38
1.00 7548.10
4.00 -416.57
12.00 17316.82
8.00 609.71
12.00 18095.91
3.00 24801.89
3.00 25859.12
3.00 375.19
1.00 970.46
4.00 7353.13
1.00 22967.92
1.00 10805.09
3.00 25508.59
0.00 8382.23
1.00 406.47
2.00 6999.03
2.00 1498.88
1.00 10558.17
0.00 996.04
5.00 11666.44
1.00 6502.69
5.00 305.61
1.00 9971.41
3.00 8026.62
3.00 11224.49
0.00 15868.06
1.00 703.89
1.00 706.62
1.00 7337.68
2.00 5884.11
0.00 599.33
3.00 643.87
0.00 491.97
0.00 616.00
3.00 5353.99
4.00 8405.24
2.00 6494.28
0.00 630.38
0.00 23100.80
1.00 8281.09
1.00 8461.90
2.00 29086.55
3.00 15935.84
14.00 1007.04
1.00 1224.67
3.00 7777.34
0.00 733.22
0.00 388.64
4.00 5983.09
13.00 8988.78
3.00 23648.87
3.00 2902.33
2.00 14118.18
2.00 8097.62
2.00 7275.16
3.00 5385.77
1.00 1147.75
1.00 725.68
2.00 1147.45
0.00 755.90
0.00 452.89
10.00 19982.46
1.00 1485.37
1.00 1144.17
3.00 18113.40
3.00 5387.02
2.00 3464.96
2.00 8810.54
1.00 858.81
3.00 4871.18
2.00 9054.35
2.00 5539.70
1.00 1078.61
2.00 21044.66
6.00 21.09
1.00 9037.86
2.00 699.82
2.00 6433.47
2.00 8922.93
0.00 574.78
1.00 7208.13
1.00 8942.51
2.00 17821.30
3.00 7596.69
0.00 2970.16
2.00 6427.82
2.00 704.97
2.00 24873.65
2.00 11298.77
3.00 6722.01
2.00 8717.20
1.00 635.56
1.00 312.42
1.00 8145.53
0.00 773.97
2.00 2931.66
0.00 724.73
2.00 350.06
2.00 7041.13
2.00 10856.44
3.00 467.42
1.00 20935.60
3.00 7028.58
2.00 21059.23
2.00 26581.15
2.00 9057.62
2.00 9842.61
3.00 12131.80
10.00 1038.51
5.00 -166.04
2.00 676.10
0.00 11372.15
0.00 634.94
3.00 20339.77
1.00 8678.54
3.00 6357.96
4.00 346.86
2.00 6908.49
2.00 808.80
0.00 778.84
1.00 1403.50
4.00 485.91
3.00 11275.53
2.00 12933.50
3.00 6283.09
1.00 17209.66
2.00 11026.57
3.00 6531.40
2.00 2463.95
3.00 5725.92
2.00 5815.23
4.00 3019.13
1.00 548.66
0.00 680.62
1.00 432.62
0.00 3954.24
2.00 7388.05
7.00 500.32
0.00 794.94
2.00 23222.63
8.00 -110.42
2.00 7886.29
1.00 8855.82
2.00 11166.83
11.00 11988.15
2.00 9787.72
5.00 649.48
2.00 9276.26
2.00 5656.33
3.00 5778.61
3.00 8689.27
3.00 1115.96
2.00 3258.61
0.00 843.90
0.00 8799.19
3.00 30862.71
1.00 675.82
1.00 4821.85
8.00 1099.45
6.00 22722.12
0.00 20413.52
3.00 2514.20
1.00 669.18
3.00 908.22
3.00 4284.92
0.00 807.98
1.00 795.00
3.00 4231.49
1.00 10123.69
2.00 1214.83
2.00 10809.53
2.00 9182.85
2.00 19750.86
1.00 9236.38
2.00 954.81
2.00 891.49
2.00 5563.02
1.00 13803.18
1.00 8881.57
2.00 6284.46
2.00 364.12
1.00 9041.28
0.00 11175.34
0.00 12993.43
2.00 384.59
0.00 626.60
2.00 455.07
2.00 1985.90
1.00 848.22
2.00 7045.37
10.00 15225.49
2.00 745.75
3.00 878.16
0.00 784.68
1.00 10199.87
15.00 1115.85
1.00 26027.99
2.00 23406.69
1.00 9225.03
5.00 87.16
0.00 24030.00
2.00 763.36
2.00 9259.14
2.00 893.48
4.00 8740.94
3.00 655.00
4.00 4191.09
3.00 5151.39
2.00 5209.18
2.00 560.42
2.00 268.63
1.00 3120.05
3.00 8225.38
2.00 3079.43
3.00 157.47
2.00 9113.23
1.00 10594.79
1.00 7429.19
3.00 6156.96
3.00 7050.20
3.00 1185.75
1.00 9241.25
0.00 635.26
2.00 745.41
2.00 433.54
2.00 7239.89
1.00 20321.01
1.00 900.65
2.00 547.10
2.00 7249.84
3.00 6852.48
1.00 12970.06
2.00 542.35
0.00 284.66
2.00 8389.57
1.00 935.28
1.00 732.60
1.00 9160.79
3.00 7603.02
4.00 9279.70
1.00 630.29
4.00 360.20
2.00 24594.16
0.00 11234.10
2.00 366.37
2.00 551.13
3.00 8039.07
2.00 1111.19
3.00 9839.43
1.00 1021.42
1.00 7386.93
3.00 5154.39
0.00 462.19
1.00 9646.08
3.00 887.02
3.00 11671.03
3.00 7356.52
4.00 27022.21
2.00 4135.51
0.00 573.82
2.00 3187.82
0.00 694.25
3.00 22100.08
3.00 13396.15
2.00 382.16
2.00 924.59
2.00 262.54
2.00 2168.34
2.00 710.44
0.00 841.31
0.00 469.20
1.00 941.20
2.00 18985.82
1.00 9605.72
1.00 9386.89
3.00 473.94
0.00 11184.20
3.00 5037.22
3.00 465.16
1.00 4082.59
3.00 6021.95
2.00 6657.25
2.00 6355.41
4.00 544.32
1.00 983.46
1.00 967.71
10.00 1285.29
2.00 8928.85
0.00 8989.21
4.00 752.67
2.00 106.69
4.00 294.63
3.00 4665.49
14.00 733.13
2.00 29289.96
6.00 6019.40
1.00 676.27
2.00 1082.40
3.00 4550.31
2.00 8968.60
13.00 1622.34
3.00 8892.03
2.00 5754.74
2.00 10699.04
2.00 5310.11
1.00 13868.48
4.00 1466.49
2.00 374.53
2.00 10314.99
2.00 700.09
2.00 2337.29
2.00 6218.60
1.00 8559.11
2.00 2698.15
3.00 17809.98
4.00 2570.64
3.00 5687.39
4.00 8094.45
3.00 7383.64
3.00 7107.93
1.00 788.73
0.00 723.80
6.00 2560.64
0.00 580.72
3.00 7649.20
4.00 335.44
2.00 2231.07
2.00 575.53
6.00 29988.20
3.00 9123.59
2.00 6821.42
1.00 8084.49
3.00 6726.21
2.00 9977.65
1.00 4648.78
1.00 9141.04
2.00 19806.72
12.00 1333.97
2.00 24899.58
6.00 13741.72
0.00 682.05
2.00 9944.20
2.00 6138.76
3.00 8705.86
5.00 850.41
1.00 9134.14
2.00 9421.35
1.00 22345.71
4.00 1273.33
2.00 336.28
3.00 4217.34
3.00 25846.11
3.00 8039.65
0.00 409.08
1.00 911.98
1.00 9960.90
10.00 12440.98
12.00 1678.82
2.00 899.96
2.00 473.62
2.00 6657.10
1.00 1107.14
3.00 8871.43
1.00 957.04
10.00 681.57
2.00 11131.96
5.00 8381.68
3.00 929.65
2.00 469.01
1.00 11021.18
3.00 770.23
1.00 6043.41
5.00 -194.30
3.00 14407.53
1.00 7233.76
4.00 91.09
2.00 12032.23
1.00 669.50
2.00 6879.94
1.00 8682.52
11.00 2357.75
2.00 422.84
2.00 6502.80
4.00 19929.46
2.00 7889.25
2.00 1650.48
3.00 5938.87
3.00 8374.77
0.00 486.24
4.00 135.88
0.00 550.07
21.00 16953.53
3.00 6584.61
4.00 935.59
3.00 442.79
3.00 5703.89
1.00 9963.24
0.00 436.23
5.00 292.02
4.00 4498.14
1.00 736.07
16.00 1386.72
1.00 7716.80
2.00 23838.31
3.00 5808.51
13.00 2110.92
0.00 14852.28
1.00 781.62
0.00 10187.37
0.00 524.24
1.00 8755.22
2.00 1745.85
5.00 14500.24
2.00 5512.11
3.00 22610.10
4.00 8107.64
3.00 7322.02
1.00 9380.58
2.00 7195.87
1.00 824.76
0.00 561.20
3.00 24409.83
2.00 12683.04
3.00 2868.24
1.00 12484.89
1.00 10404.83
1.00 8815.57
1.00 7644.62
2.00 2748.88
2.00 2921.33
2.00 6202.13
1.00 519.06
4.00 7737.99
3.00 602.89
15.00 3689.05
6.00 17474.92
4.00 7259.41
0.00 659.18
4.00 13297.94
2.00 15728.65
2.00 523.55
2.00 4072.37
1.00 4104.39
2.00 1017.41
1.00 6242.26
1.00 840.40
2.00 6250.84
1.00 12387.81
0.00 9756.66
2.00 1289.65
0.00 428.25
5.00 10193.14
3.00 352.76
2.00 8131.89
3.00 598.34
3.00 478.71
3.00 700.59
2.00 22464.08
10.00 1131.27
1.00 829.40
2.00 16764.56
0.00 656.77
2.00 9155.18
0.00 11744.53
2.00 6100.02
3.00 5364.09
12.00 1794.65
1.00 775.24
2.00 736.91
4.00 3915.11
1.00 9657.11
2.00 23753.84
0.00 10021.04
3.00 5526.54
1.00 11734.34
3.00 3353.36
1.00 665.14
9.00 24064.67
2.00 8838.81
3.00 7043.60
1.00 8497.19
3.00 1250.41
3.00 8012.77
1.00 538.21
1.00 10296.69
2.00 617.29
2.00 2181.85
1.00 14947.00
3.00 7799.54
3.00 13557.20
0.00 9191.41
2.00 2182.16
0.00 653.47
1.00 7727.66
2.00 13854.56
3.00 369.30
1.00 4319.47
5.00 12593.68
0.00 721.32
2.00 15402.48
1.00 1149.24
0.00 424.36
0.00 724.88
1.00 10342.00
3.00 5060.81
2.00 463.25
1.00 981.64
2.00 3440.73
0.00 826.24
4.00 597.42
1.00 10290.95
1.00 771.97
3.00 5234.35
3.00 7333.74
0.00 727.08
8.00 197.87
2.00 17808.91
3.00 9239.67
2.00 2218.32
2.00 21193.84
1.00 6515.36
2.00 11449.01
3.00 377.68
3.00 11243.66
1.00 976.67
1.00 1036.32
1.00 12497.92
3.00 4127.22
5.00 -25.95
3.00 9157.89
2.00 17978.53
2.00 25893.71
3.00 5327.13
0.00 540.62
3.00 5864.70
2.00 25168.55
0.00 755.78
17.00 673.95
2.00 7144.23
3.00 1570.63
1.00 678.52
2.00 3082.30
3.00 8903.32
0.00 850.15
2.00 1022.67
2.00 5270.63
9.00 7397.31
2.00 2599.64
1.00 10636.20
1.00 2349.98
1.00 9483.68
15.00 19003.57
2.00 698.35
2.00 7602.73
1.00 9113.51
4.00 1661.84
3.00 6802.64
1.00 9557.27
2.00 6475.45
3.00 177.57
1.00 789.18
13.00 725.41
4.00 8376.75
25.00 -542.75
9.00 8166.25
0.00 5170.36
8.00 11873.04
1.00 12166.93
1.00 6667.74
2.00 422.44
1.00 1100.95
2.00 8089.72
3.00 6887.89
1.00 705.44
0.00 704.35
2.00 20413.82
2.00 2872.00
0.00 9920.36
1.00 3941.20
2.00 9669.66
3.00 2116.34
2.00 8838.83
10.00 15096.84
2.00 9789.57
1.00 636.45
0.00 795.56
16.00 9298.14
2.00 450.22
1.00 9773.09
0.00 1001.26
6.00 292.98
1.00 8463.06
3.00 8484.05
3.00 5623.71
3.00 2759.77
10.00 15347.55
1.00 10352.05
2.00 5579.94
14.00 1265.20
1.00 9367.06
2.00 10132.86
2.00 6395.65
0.00 6689.45
1.00 9062.78
0.00 987.31
3.00 705.19
3.00 5085.39
2.00 9795.85
1.00 3408.84
2.00 4177.22
1.00 2946.05
1.00 1814.44
0.00 10012.08
2.00 9206.51
12.00 1573.56
3.00 2948.50
0.00 795.92
7.00 14730.38
1.00 677.00
4.00 1071.04
2.00 19168.35
1.00 858.13
0.00 429.06
4.00 7187.95
5.00 1609.97
1.00 4960.89
3.00 257.95
1.00 1107.46
3.00 617.58
1.00 24323.82
3.00 8746.11
0.00 508.71
3.00 9713.10
4.00 483.70
0.00 521.38
2.00 1651.29
2.00 6177.61
2.00 6836.37
2.00 16392.95
0.00 3528.14
2.00 9031.17
1.00 667.73
2.00 971.07
3.00 6260.02
0.00 903.40
1.00 1069.19
3.00 7820.90
2.00 10030.37
2.00 7549.80
2.00 6418.28
0.00 488.91
2.00 6769.03
2.00 757.58
1.00 23219.78
1.00 787.03
3.00 -24.59
1.00 9371.22
3.00 9048.90
1.00 8733.98
3.00 8300.54
1.00 873.00
1.00 652.30
2.00 5600.52
2.00 83.56
2.00 20930.67
1.00 4711.57
2.00 5315.39
5.00 8843.58
1.00 8379.41
2.00 5356.08
3.00 5657.30
2.00 12624.02
0.00 734.18
2.00 636.09
2.00 6330.18
2.00 13055.82
3.00 7423.69
1.00 8427.17
2.00 21344.57
4.00 3902.49
1.00 8184.70
1.00 774.27
0.00 22111.14
3.00 3357.48
2.00 -1.53
0.00 6976.35
1.00 2031.79
2.00 5925.16
7.00 18238.03
4.00 5538.77
2.00 1969.71
1.00 9108.86
2.00 659.39
5.00 18289.61
1.00 8618.07
3.00 1184.48
0.00 2330.80
2.00 1805.91
1.00 885.33
3.00 709.52
3.00 7720.87
1.00 7732.84
2.00 7541.16
2.00 7197.39
2.00 1289.96
3.00 8493.83
4.00 579.86
5.00 387.24
1.00 10324.42
2.00 384.96
2.00 2232.88
3.00 6900.10
7.00 850.70
1.00 846.75
2.00 -31.42
3.00 4716.31
2.00 1807.21
3.00 7124.06
2.00 7246.32
13.00 4968.38
1.00 10217.79
8.00 4981.98
6.00 13639.23
5.00 2492.11
1.00 8949.01
7.00 406.26
3.00 6970.63
2.00 24232.49
2.00 353.99
3.00 547.64
1.00 1382.19
3.00 5824.46
3.00 77.84
1.00 9484.27
1.00 10405.48
2.00 25141.45
2.00 9249.50
2.00 17953.61
3.00 3572.42
0.00 622.47
2.00 16069.36
1.00 7565.83
4.00 1427.00
3.00 13987.46
1.00 4607.12
1.00 3934.44
3.00 9877.61
3.00 7177.41
1.00 8484.43
3.00 5728.70
3.00 16110.07
2.00 6990.68
1.00 712.00
2.00 5080.97
0.00 329.03
1.00 284.56
1.00 3739.64
2.00 803.21
3.00 651.38
3.00 5372.57
1.00 10009.14
2.00 7121.40
5.00 8771.85
0.00 374.42
1.00 6384.52
11.00 5818.27
2.00 756.61
3.00 869.39
2.00 13063.60
2.00 348.08
12.00 1059.89
3.00 653.87
15.00 17618.95
3.00 1187.75
1.00 5206.58
4.00 306.51
3.00 2451.77
1.00 544.71
4.00 7812.57
10.00 1748.81
2.00 2563.96
2.00 783.72
3.00 305.90
3.00 4475.13
2.00 8205.90
3.00 7102.30
1.00 5508.78
4.00 7784.54
2.00 7600.55
1.00 702.79
2.00 20465.51
2.00 1522.73
2.00 439.78
1.00 7320.76
2.00 282.01
0.00 291.12
0.00 815.24
3.00 5567.75
9.00 16070.60
1.00 7623.32
1.00 797.51
1.00 4979.44
10.00 1579.30
4.00 8685.21
2.00 10936.39
3.00 8107.15
2.00 5616.18
0.00 19750.82
2.00 846.40
2.00 9060.99
0.00 698.19
2.00 9401.09
3.00 6350.46
1.00 9582.18
3.00 6047.02
0.00 418.01
3.00 4811.19
1.00 9977.67
1.00 1899.77
1.00 560.94
2.00 5626.28
2.00 2804.91
2.00 748.48
2.00 866.17
2.00 5297.91
1.00 5118.17
1.00 5629.39
2.00 8908.88
3.00 22855.47
4.00 476.96
2.00 715.14
0.00 9109.20
2.00 25538.49
3.00 29159.43
2.00 11106.61
23.00 -419.07
1.00 763.87
1.00 780.12
3.00 225.91
1.00 5654.13
2.00 542.83
1.00 822.00
3.00 19747.20
3.00 18453.04
3.00 1026.10
6.00 7617.84
1.00 8690.57
1.00 19383.84
2.00 4552.01
6.00 16870.40
1.00 6807.00
2.00 20647.40
17.00 1520.07
1.00 823.50
2.00 8466.16
2.00 17553.26
4.00 4549.54
1.00 809.89
3.00 13027.62
3.00 7189.66
3.00 520.10
1.00 310.25
3.00 6378.22
0.00 447.73
0.00 10719.89
0.00 5599.59
2.00 1504.52
1.00 24294.81
4.00 6829.81
3.00 235.70
0.00 681.81
3.00 -378.03
1.00 8579.08
0.00 11774.65
2.00 6896.77
15.00 14410.16
16.00 682.77
3.00 7244.38
2.00 15292.71
0.00 22480.91
4.00 1459.97
2.00 647.86
2.00 11497.27
3.00 361.08
4.00 878.74
3.00 6416.19
1.00 14716.94
1.00 880.16
2.00 8452.80
3.00 5166.29
2.00 11594.95
1.00 5420.42
2.00 327.77
2.00 1443.66
3.00 3442.95
3.00 6810.85
1.00 985.70
0.00 665.97
3.00 5926.46
0.00 20483.94
2.00 920.76
1.00 945.85
4.00 4402.21
2.00 8369.03
0.00 5587.43
0.00 497.30
0.00 -21.69
4.00 24154.37
3.00 6824.00
2.00 6081.28
1.00 3941.63
1.00 887.27
2.00 9163.58
1.00 659.50
3.00 6293.36
1.00 741.14
2.00 4813.18
1.00 4454.48
1.00 9840.01
3.00 5987.96
2.00 620.84
0.00 23415.10
3.00 466.74
0.00 862.56
0.00 13930.34
3.00 8754.09
6.00 95.76
6.00 1390.40
2.00 29362.92
3.00 453.29
3.00 1744.48
3.00 2877.47
3.00 9391.55
3.00 759.82
0.00 10290.32
1.00 24619.51
2.00 466.05
1.00 3140.45
2.00 474.77
3.00 6728.00
3.00 10926.81
1.00 774.49
1.00 20259.60
8.00 621.84
2.00 590.37
2.00 20238.90
1.00 525.30
0.00 13195.51
1.00 5462.48
1.00 10144.89
1.00 4649.24
0.00 647.05
1.00 1798.37
2.00 7848.64
1.00 5558.22
5.00 19956.82
4.00 355.32
3.00 12931.64
3.00 9184.22
3.00 8351.39
3.00 303.34
1.00 10436.68
0.00 707.59
2.00 1228.17
1.00 2382.90
1.00 468.04
1.00 1281.25
3.00 24218.10
3.00 2165.79
1.00 571.23
0.00 14869.40
5.00 277.09
29.00 3153.06
1.00 812.47
2.00 7033.60
3.00 8225.11
3.00 8279.78
3.00 24510.88
1.00 8966.09
3.00 2273.49
3.00 8335.15
2.00 22525.66
3.00 9190.60
2.00 1840.72
2.00 170.61
1.00 784.29
0.00 592.59
2.00 1327.18
1.00 6531.09
0.00 389.13
2.00 5961.81
2.00 20890.52
1.00 857.65
2.00 5817.05
1.00 9547.93
3.00 4764.20
1.00 679.50
3.00 8415.05
3.00 4981.65
1.00 6332.37
3.00 312.34
9.00 858.16
1.00 9686.46
2.00 1152.00
1.00 1368.00
2.00 1752.42
1.00 999.61
25.00 582.77
2.00 4854.15
1.00 20652.99
1.00 5742.00
0.00 2008.82
2.00 491.19
2.00 12144.01
7.00 19202.15
11.00 1154.48
2.00 9976.27
1.00 9753.22
1.00 758.96
1.00 1086.30
1.00 8638.77
1.00 700.73
2.00 413.78
2.00 5698.95
1.00 973.23
13.00 1401.19
1.00 897.69
3.00 275.21
22.00 -1784.12
1.00 10752.97
3.00 2709.47
3.00 158.24
2.00 738.25
3.00 11641.19
3.00 894.46
2.00 139.17
2.00 21720.30
2.00 25652.48
3.00 24907.85
2.00 225.38
4.00 7955.02
0.00 9472.92
3.00 657.08
5.00 6705.68
3.00 -213.97
2.00 2057.06
9.00 16658.21
1.00 650.93
2.00 3330.34
5.00 1623.86
3.00 6430.71
3.00 6694.01
3.00 17822.89
14.00 19372.05
2.00 9059.82
2.00 237.24
1.00 5590.46
1.00 6469.48
4.00 715.59
2.00 253.22
2.00 18962.33
1.00 10718.79
2.00 4154.15
2.00 6597.00
0.00 851.58
4.00 382.74
2.00 10661.55
3.00 7086.60
10.00 17731.41
3.00 8310.45
3.00 566.02
2.00 340.11
13.00 2586.49
2.00 26009.46
1.00 19551.88
1.00 11627.54
2.00 6963.12
3.00 5384.45
7.00 14743.87
3.00 28074.98
0.00 20126.54
1.00 1171.12
0.00 17566.15
11.00 19167.63
3.00 7606.24
2.00 4710.02
2.00 9975.32
2.00 4335.99
2.00 517.78
5.00 12235.73
1.00 2829.03
0.00 275.31
2.00 1280.59
2.00 510.87
1.00 7196.74
2.00 7880.04
1.00 1546.90
0.00 1047.54
3.00 2125.94
2.00 189.27
4.00 2300.66
3.00 8053.46
3.00 6260.02
4.00 17308.32
0.00 643.42
1.00 898.83
0.00 657.67
0.00 742.80
0.00 307.21
4.00 3199.14
2.00 5990.00
1.00 672.45
5.00 -29.44
2.00 843.55
0.00 551.12
1.00 17108.41
0.00 589.80
2.00 642.96
2.00 7298.95
1.00 1438.81
3.00 672.90
0.00 585.60
2.00 8396.53
2.00 214.50
1.00 636.72
0.00 571.42
1.00 666.57
3.00 550.25
3.00 7902.62
2.00 5176.91
2.00 7861.92
2.00 17329.07
3.00 680.12
5.00 445.56
3.00 17463.47
2.00 4720.73
3.00 11909.05
0.00 19912.92
16.00 1177.90
3.00 2311.67
0.00 590.66
0.00 13326.88
2.00 5397.63
4.00 6398.18
2.00 18355.97
1.00 7940.49
2.00 8439.14
4.00 22565.72
1.00 588.62
2.00 11291.96
1.00 1074.35
1.00 9247.70
2.00 57.33
5.00 865.41
2.00 11359.87
3.00 2904.00
3.00 22536.85
4.00 8820.34
2.00 8315.39
1.00 10371.98
1.00 779.30
1.00 2495.69
3.00 3453.79
0.00 421.85
2.00 23410.27
1.00 6516.05
1.00 10322.43
3.00 6037.73
5.00 14107.72
1.00 867.09
0.00 623.28
2.00 379.26
2.00 2892.99
1.00 748.55
1.00 901.73
7.00 -8.87
13.00 11119.62
4.00 9383.32
12.00 1660.98
5.00 13245.87
0.00 466.79
2.00 24420.74
13.00 10301.85
8.00 17955.20
2.00 -194.08
2.00 5731.01
3.00 7067.20
